1.0 2.218975889316899e-09 -4.847292535344094e-09 0.0 -2.218976051952712e-09 0.9999999999999994 -3.3551887607378734e-08 -1.1102230246251565e-16 4.8472924608932615e-09 3.355188761813476e-08 0.9999999999999994 -0.0
0.9999999979741591 2.6494213846021295e-05 -5.7876925326523486e-05 -0.0036870857621664754 -2.6494214719513756e-05 0.9999999996490282 -1.432553846955547e-08 -0.01699281433147759 5.787692492666644e-05 1.5858942127440386e-08 0.9999999983251306 0.03712099297027649
0.9999999918973151 5.298620792423782e-05 -0.00011574900187971382 -0.007374171524333395 -5.298620976539796e-05 0.9999999985962307 -1.283993783942223e-08 -0.03398562866295507 0.00011574900103688932 1.897303862911822e-08 0.9999999933010841 0.07424198594055298
0.9999999817694685 7.947820175327998e-05 -0.00017362107585304078 -0.011061257286500314 -7.947820379169164e-05 0.9999999968416075 -4.841031609745481e-09 -0.050978442994432493 0.0001736210749199208 1.864012277067163e-08 0.9999999849278608 0.11136297891082947
0.9999999675264652 0.0001060750251571447 -0.00023172215531356118 -0.01474834304866679 -0.00010607502894772024 0.999999994374044 -4.068311172712483e-09 -0.06797125732590997 0.00023172215357835637 2.8648245373314172e-08 0.999999973152421 0.14848397188110596
0.9999999492684173 0.0001325829167929877 -0.00028962895717823386 -0.01843542881083371 -0.0001325829204314275 0.9999999912108845 6.637509692109385e-09 -0.08496407165738745 0.00028962895551267197 3.17623436288211e-08 0.9999999580575326 0.18560496485138245
0.9999999269691033 0.00015907490272587847 -0.0003475010263523091 -0.022122560339997488 -0.00015907491127340368 0.9999999873475862 3.042226144731138e-09 -0.10195690188266543 0.0003475010224395242 5.2236469011855655e-08 0.9999999396215166 0.2227259925417222
0.9999999006017555 0.0001855827949078772 -0.00040540782622179626 -0.025809646102163963 -0.000185582802096652 0.9999999827795115 1.9886156701010847e-08 -0.11894971621414291 0.000405407822931004 5.5350565657791726e-08 0.9999999178222436 0.2598469855119987
0.9999998702213171 0.00021205573538488724 -0.00046323829098769746 -0.029496731864330883 -0.0002120557477572969 0.9999999775161794 2.2407653061654042e-08 -0.1359425305456204 0.0004632382853240022 7.582469203159012e-08 0.9999998927051369 0.2969679784822752
0.9999998357475828 0.00023856361985450397 -0.0005211450919134985 -0.03318381762649736 -0.00023856363764414773 0.9999999715436946 2.8027456084156965e-08 -0.15293534487709787 0.000521145083769966 9.629881738669838e-08 0.999999864203887 0.3340889714525517
0.9999997972179823 0.000265071513552929 -0.0005790518863628417 -0.03687090338866428 -0.00026507152667877863 0.9999999648685407 5.4077261578752356e-08 -0.16992815920857512 0.0005790518803542456 9.941291693156894e-08 0.9999998323494409 0.37120996442282816
0.9999997545148736 0.0002916492840571367 -0.000637111362142131 -0.040558034917828056 -0.0002916493056389806 0.9999999574703387 5.9032030665201296e-08 -0.1869209894338531 0.00063711135226265 1.2678107020974187e-07 0.9999997970445338 0.4083309921131679
0.9999997078628476 0.0003181571789599058 -0.000695018150023257 -0.044245120679994976 -0.0003181571923964468 0.9999999493879951 9.122988011986634e-08 -0.20391380376533058 0.0006950181438724361 1.2989516980774294e-07 0.9999997584748522 0.4454519850834444
0.999999657192828 0.0003446460254190207 -0.0007528833533030947 -0.04793220644216145 -0.00034464604095111315 0.9999999406095454 1.0910901104802788e-07 -0.22090661809680806 0.0007528833461929971 1.5036929336923335e-07 0.999999716583282 0.4825729780537209
0.9999996024319845 0.0003711539082358372 -0.0008107901389238912 -0.05161929220432837 -0.0003711539247592728 0.9999999311223713 1.300845774580812e-07 -0.23789943242828554 0.0008107901313599882 1.708434164771043e-07 0.9999996713096129 0.5196939710239974
0.9999995436589676 0.00039764275558185796 -0.0008686553376594927 -0.055306377966494846 -0.00039764277174775595 0.999999920940098 1.5409704168706712e-07 -0.254892246759763 0.0008686553302592591 1.9131754479413948e-07 0.9999996227188691 0.5568149639942739
0.9999994807893094 0.0004241506178706067 -0.0009265621214780035 -0.058993463728661766 -0.00042415065131738624 0.9999999100480955 1.604032949429329e-07 -0.2718850610912405 0.0009265621061671328 2.3259871565108696e-07 0.9999995707412125 0.5939359569645504
0.9999994139132975 0.0004506394646763378 -0.0009844273129185962 -0.06268054949082824 -0.0004506394954513888 0.9999998984619993 1.9054909605007894e-07 -0.288877875422718 0.0009844272988307574 2.5307284323041495e-07 0.9999995154512973 0.6310569499348269
0.9999993429872429 0.0004771283122360135 -0.0010422925003060384 -0.06636763525299516 -0.0004771283381820721 0.999999886174243 2.2376046547753577e-07 -0.3058706897541955 0.0010422924884287586 2.7354697010660146e-07 0.9999994568129993 0.6681779429051034
0.9999992676510162 0.0005037410209282557 -0.0011004282871259678 -0.07005472101516164 -0.0005037410508561711 0.9999998731224377 2.499689454685738e-07 -0.322863504085673 0.0011004282734259209 3.0436213934462074e-07 0.9999993945285779 0.7052989358753803
0.9999991886059403 0.0005302298688200871 -0.0011582934632612468 -0.07374180677732856 -0.0005302298893858731 0.9999998594280805 2.8932578536514867e-07 -0.33985631841715047 0.0011582934538468845 3.248362642934656e-07 0.9999993291778596 0.7424199288456568
0.9999991055108247 0.0005567186919936447 -0.0012161586444485724 -0.07742889253949503 -0.0005567187255452221 0.99999984503207 3.1094113809172425e-07 -0.35684913274862795 0.0012161586290897284 3.66117430639972e-07 0.999999260478754 0.7795409218159333
0.9999990183656702 0.0005832075397985045 -0.001274023807246979 -0.08111602406865925 -0.0005832075590123471 0.9999998299343935 3.564291123386151e-07 -0.37384196297390593 0.0012740237984514933 3.8659155229256533e-07 0.9999991884312764 0.8166619495062726
0.9999989271144457 0.0006097122820637971 -0.0013319237554830065 -0.08480310983082573 -0.0006097123111361818 0.9999998141253578 3.842180092553685e-07 -0.3908347773053834 0.0013319237421745942 4.2787271417931e-07 0.9999991129890876 0.8537829424765495
0.999998831866779 0.0006362011066439022 -0.001389788915329203 -0.08849019559299265 -0.0006362011394624046 0.999999797623947 4.184788845067369e-07 -0.4078275916368609 0.0013897889003059373 4.6570689587700867e-07 0.9999990342428314 0.890903935446826
0.9999987325081657 0.0006627058487106057 -0.001447688854763364 -0.09217728135515912 -0.0006627058882206708 0.9999997804103263 4.5240444698342456e-07 -0.4248204059683383 0.001447688836676914 5.069880547986388e-07 0.9999989520978385 0.9280249284171025
0.9999986287408742 0.0006892995010756182 -0.0015057830417929002 -0.09586436711732604 -0.0006892995555776554 0.9999997624329166 4.82773000112136e-07 -0.4418132202998158 0.0015057830168436028 5.551632433989624e-07 0.9999988663079563 0.965145921387379
0.999998521324636 0.000715788348705785 -0.0015636481642575311 -0.09955145287949252 -0.0007157883737497968 0.9999997438233215 5.436046036801441e-07 -0.45880603463129305 0.0015636481527931795 5.756373767453445e-07 0.9999987775013143 1.0022669143576555
0.999998409790125 0.0007422930905559705 -0.00162154808400208 -0.10323853864165944 -0.000742293115018778 0.9999997245002555 5.867463855382172e-07 -0.4757988489627705 0.0016215480728037854 6.169185259383144e-07 0.9999986852898692 1.039387907327932
0.9999982942007042 0.0007687978034065974 -0.0016794480103387048 -0.10692562440382636 -0.0007687978537585274 0.999999704474697 6.155973256286689e-07 -0.492791663294248 0.0016794479872891941 6.755597503042411e-07 0.9999985897260064 1.0765089002982084
0.9999981746295017 0.0007952866143197008 -0.001737313116782002 -0.11061271016599283 -0.0007952866595060612 0.9999996837592936 6.648222669982196e-07 -0.5097844776257255 0.0017373130960971243 7.168408917103551e-07 0.9999984908702074 1.1136298932684854
0.999998051022918 0.0008217723360900637 -0.0017951714662551245 -0.11429953621500699 -0.0008217723729094763 0.9999996623447696 7.171016280959214e-07 -0.5267774602474488 0.0017951714494003693 7.581220851225747e-07 0.9999983886781482 1.1507512538715412
0.9999979232741223 0.0008482770448539415 -0.0018530713687949806 -0.11798692745732353 -0.0008482771019350574 0.9999996402126293 7.551563037682917e-07 -0.543770122182481 0.0018530713426650627 8.167632748845822e-07 0.9999982830614921 1.1878719139291012
0.9999977914704223 0.0008747817847145299 -0.0019109712470101348 -0.12167370773934039 -0.000874781827142111 0.9999996173779733 8.136402790656428e-07 -0.5607630889104037 0.0019109712275881385 8.580444369585433e-07 0.9999981740924485 1.2249932398120946
0.9999976552481634 0.0009013564111974372 -0.0019690238178746125 -0.12536109898165693 -0.000901356448259348 0.9999995937778169 8.685747181081742e-07 -0.577755750845436 0.0019690238009088495 9.06219633501513e-07 0.9999980614703461 1.2621138998696542
0.9999975153239645 0.0009278611155676471 -0.002026923690608187 -0.1290480320037486 -0.0009278611652431984 0.999999569536317 9.15845202104927e-07 -0.5947486413751361 0.002026923667868301 9.648608509004552e-07 0.9999979457876469 1.2992350592962891
0.9999973714496034 0.0009543468045978794 -0.0020847820174976633 -0.1327351177659155 -0.0009543468644274633 0.9999995446104608 9.661056535385647e-07 -0.6117414557066135 0.0020847819901095846 1.0235020673324903e-06 0.9999978268391417 1.3363560522665656
0.9999972233282748 0.0009808674813074731 -0.0021427166692651245 -0.136422203528082 -0.0009808675111367632 0.9999995189488095 1.036940794204123e-06 -0.628734270038091 0.0021427166556102248 1.0647832514933985e-06 0.9999977043794651 1.373477045236842
0.9999970713503863 0.0010073531709346082 -0.0022005749792891782 -0.1401092892902489 -0.0010073532040415346 0.9999994926190348 1.093335080146777e-06 -0.6457270843695685 0.0022005749641338807 1.1234243779691697e-06 0.9999975787313513 1.4105980382071186
0.9999969152099668 0.0010338578232393432 -0.0022584748287282665 -0.14379637505241538 -0.0010338579031891444 0.9999994655681345 1.1320729178899805e-06 -0.662719898701046 0.0022584747921297926 1.202872625151741e-06 0.9999974496418311 1.4477190311773955
0.9999967551310016 0.0010603435098200736 -0.0023163331169603367 -0.1474834608145823 -0.0010603435873186946 0.9999994378348669 1.194599016217025e-06 -0.6797127130325235 0.002316333081483935 1.2615138267631048e-06 0.9999973172961336 1.484840024147672
0.9999965903451389 0.0010869340754124887 -0.0023744204371529284 -0.15117054657674922 -0.0010869341211619133 0.9999994092861257 1.271153877951031e-06 -0.6967055273640009 0.002374420416210298 1.3096890473706723e-06 0.9999971810590127 1.5219610171179485
0.9999964220298173 0.0011134387185475806 -0.0024323202469436664 -0.1548576323389157 -0.0011134388037155503 0.999999380125953 1.3191071816973024e-06 -0.7136983416954784 0.0024323202079564814 1.3891372840389291e-06 0.999997041903863 1.559082010088225
0.9999962496797496 0.0011399403484007309 -0.0024902133318046053 -0.15854471810108262 -0.001139940419193768 0.9999993502667419 1.3909215730631259e-06 -0.7306911560269557 0.0024902132993978067 1.4477784726774677e-06 0.9999968994130068 1.5962030030585015
0.9999960733830783 0.0011664260240659024 -0.0025480715758199723 -0.16223174265716844 -0.0011664260846979497 0.9999993197237939 1.4622762248938443e-06 -0.7476840783442568 0.002548071548064551 1.5098666686185498e-06 0.9999967536592838 1.633324231925262
0.9999914770188784 -0.0017184749153641976 0.0037540289779530276 -0.16591882841933536 0.001718474992122199 0.999998523415624 3.205169372555029e-06 -0.7646768926757342 -0.0037540289428156584 3.2460628633573617e-06 0.9999929536032539 1.6704452248955386
0.9997081060851593 -0.010056091222716489 0.02196765023720769 -0.16960591418150184 0.010056090972879636 0.9999494301353985 0.00011048184039520826 -0.7816697070072117 -0.02196765035157505 0.000110459097827465 0.9997586759497608 1.707566217865815
0.9984234966906815 -0.023362784636122787 0.051036276803846814 -0.17329299994366876 0.023362782086062156 0.9997268748854866 0.00059669497879219 -0.7986625213386891 -0.0510362779711834 0.0005965951262687513 0.9986966218051924 1.7446872108360916
0.9951055305534178 -0.04113098945350529 0.089851125583248 -0.17698008570583568 0.04113098156814139 0.9991520458726662 0.001852453429027629 -0.8156553356701666 -0.08985112919291653 0.0018522783379232943 0.9959534846807439 1.7818082038063685
0.9885481177794933 -0.06281161294003358 0.13721268204685977 -0.18066717146800215 0.06281158970301115 0.9980159910512963 0.004334259438391311 -0.832648150001644 -0.13721269268402914 0.004333922676987347 0.9905321267281683 1.818929196776645
0.9774993479923424 -0.08779892662627926 0.19179774023126198 -0.18435425723016907 0.08779888234203681 0.9961018203942789 0.008515847972628554 -0.8496409643331215 -0.19179776050317843 0.008515391387186787 0.9813975275980108 1.8560501897469215
0.9607810817276337 -0.11542393761087798 0.25214485444021717 -0.18804134299233555 0.1154238566667199 0.9932054240246602 0.014843146572593854 -0.866633778664599 -0.2521448914938763 0.014842517117900043 0.9675756577028725 1.893171182717198
0.9373982942775927 -0.14495597354573087 0.31665786524081313 -0.19172842875450247 0.14495584035475756 0.9891544165069218 0.023692713054797872 -0.8836265929960765 -0.3166579262114019 0.02369189815654967 0.9482438777704995 1.9302921756874745
0.9066327144514714 -0.17561618081743224 0.3836353452452677 -0.19541551451666894 0.17561597428831704 0.983824358796762 0.035336392188584476 -0.900619407327554 -0.3836354397877261 0.03533536575782445 0.9228083556544332 1.967413168657751
0.8681170931381073 -0.20659984239342355 0.4513194187318502 -0.19910260027883586 0.2065995554682853 0.9771516272960299 0.04991313407338303 -0.9176122216590314 -0.45131955007704855 0.04991194642300729 0.8909654658416999 2.0045341616280274
0.821884197888233 -0.2371075322104536 0.5179636892975072 -0.20278968604100234 0.2371071424541525 0.9691418974474572 0.06741057490608351 -0.9346050359905089 -0.5179638677155407 0.06740920397847133 0.85274230044026 2.0416551545983044
0.7683864826863124 -0.26638166342267355 0.5819132432047983 -0.20647677180316926 0.2663811654241824 0.959873557819205 0.08765744524428931 -0.9515978503219864 -0.5819134711726578 0.08765593186813235 0.8085129248664598 2.078776147568581
0.7084867769004966 -0.29374385719536084 0.6416860862736058 -0.21016385756533573 0.2937432209016751 0.9494960874733699 0.11032724072989614 -0.9685906646534639 -0.6416863775486088 0.11032554660074985 0.7589906894262868 2.1158971405388574
0.6434196389016564 -0.31863014758112457 0.6960502836204384 -0.21385094332750265 0.31862936525161084 0.938223373220311 0.13495269372063878 -0.9855834789849414 -0.6960506417459994 0.13495084659064474 0.7051962656803074 2.153018133509134
0.5747277218757364 -0.3406200669174881 0.74408737102618 -0.21753802908966957 0.34061915231231144 0.9263226798871693 0.1609499481351117 -1.0025762933164188 -0.7440877897033176 0.1609480125375231 0.6484050419873775 2.1901391264794103
0.5041816815640088 -0.3594557635168149 0.7852339689862073 -0.22122511485183605 0.35945469469468067 0.9141007610209517 0.1876489306201098 -1.0195691076478963 -0.7852344582589599 0.18764688320209452 0.5900809205416637 2.227260119449687
0.43369084531362506 -0.3750495567249095 0.819298529653021 -0.22491229214799713 0.3750483106436448 0.9018884000558621 0.21432703639071168 -1.0365619537669748 -0.8192991000693834 0.21432485587333583 0.5318024452561048 2.264381181860089
0.36521370518329793 -0.3874790283414118 0.8464507972362495 -0.2285993779101636 0.38747768471426597 0.8900249270800973 0.2402429458372072 -1.0535547680984523 -0.8464514123059628 0.24024077874428976 0.4751887781014807 2.3015021748303655
0.3006805814106079 -0.39696967077451983 0.8671829498137912 -0.23228646367233052 0.3969681552143293 0.8788447216498885 0.26466627849777596 -1.0705475824299298 -0.8671836435890099 0.26466400532240786 0.42183585975873317 2.338623167800642
0.24193149584445497 -0.40386598398181295 0.8822479347104568 -0.235973549434497 0.403864369100512 0.8686666041002947 0.2869005093963882 -1.0875403967614072 -0.8822486739516868 0.28689823614526405 0.37326489174207966 2.375744160770919
0.19067598718101308 -0.40859432957563846 0.8925767987972691 -0.23966063519666392 0.4085925592440252 0.8597867055238863 0.30629877821303797 -1.1045332110928847 -0.8925776091987542 0.30629641663430635 0.3308892816547849 2.4128651537411954
0.14847922986818474 -0.41161721291001613 0.8991802868913114 -0.2433477209588304 0.411615382734879 0.8524762379428964 0.3222685843186471 -1.121526025424362 -0.8991811246872177 0.3222662467260826 0.29600299192290913 2.449986146711472
0.11676655339147278 -0.4133837406178516 0.9030390107862835 -0.2470348067209973 0.4133817710412442 0.8469820731110169 0.3342706675725053 -1.1385188397558395 -0.9030399123958368 0.33426823184585885 0.2697844802777996 2.4871071396817483
0.0968476992843112 -0.41427433492544347 0.9049846952105969 -0.25072189248316423 0.41427240815740995 0.8435312154259503 0.34180909941293136 -1.155511654087317 -0.904985577223635 0.34180676415790884 0.25331648385587485 2.524228132652025
0.08994715685738718 -0.4145437983592182 0.9055732704840533 -0.2544089782453307 0.414541837261046 0.842335707085987 0.3444207045579384 -1.1725044684187944 -0.9055741682123608 0.34441834418314893 0.24761144976884428 2.5613491256223013
0.08994715685738718 -0.4145437983592182 0.9055732704840533 -0.2141667015959845 0.414541837261046 0.842335707085987 0.3444207045579384 -1.174017157436107 -0.9055741682123608 0.34441834418314893 0.24761144976884428 2.5646537288716353
0.08994715685738718 -0.4145437983592182 0.9055732704840533 -0.17392427220656304 0.414541837261046 0.842335707085987 0.3444207045579384 -1.1755299226516422 -0.9055741682123608 0.34441834418314893 0.24761144976884428 2.5679584985773274
0.08994715685738718 -0.4145437983592182 0.9055732704840533 -0.13368199555721683 0.414541837261046 0.842335707085987 0.3444207045579384 -1.1770426116689547 -0.9055741682123608 0.34441834418314893 0.24761144976884428 2.571263101826661
0.08994715685738718 -0.4145437983592182 0.9055732704840533 -0.09343971890787017 0.414541837261046 0.842335707085987 0.3444207045579384 -1.1785553006862672 -0.9055741682123608 0.34441834418314893 0.24761144976884428 2.574567705075995
0.08994715685738718 -0.4145437983592182 0.9055732704840533 -0.053197442258523964 0.414541837261046 0.842335707085987 0.3444207045579384 -1.1800679897035797 -0.9055741682123608 0.34441834418314893 0.24761144976884428 2.5778723083253285
0.08994715685738718 -0.4145437983592182 0.9055732704840533 -0.0129550128691025 0.414541837261046 0.842335707085987 0.3444207045579384 -1.1815807549191149 -0.9055741682123608 0.34441834418314893 0.24761144976884428 2.581177078031021
0.08994715685738718 -0.4145437983592182 0.9055732704840533 0.027287263780244153 0.414541837261046 0.842335707085987 0.3444207045579384 -1.1830934439364273 -0.9055741682123608 0.34441834418314893 0.24761144976884428 2.5844816812803546
0.08994715685738718 -0.4145437983592182 0.9055732704840533 0.06752954042959036 0.414541837261046 0.842335707085987 0.3444207045579384 -1.1846061329537398 -0.9055741682123608 0.34441834418314893 0.24761144976884428 2.5877862845296886
0.08994715685738718 -0.4145437983592182 0.9055732704840533 0.10777186284593387 0.414541837261046 0.842335707085987 0.3444207045579384 -1.1861188060772518 -0.9055741682123608 0.34441834418314893 0.24761144976884428 2.5910908530589594
0.08994715685738718 -0.4145437983592182 0.9055732704840533 0.14801424646835804 0.414541837261046 0.842335707085987 0.3444207045579384 -1.1876315871865875 -0.9055741682123608 0.34441834418314893 0.24761144976884428 2.5943956574847142
0.08994715685738718 -0.4145437983592182 0.9055732704840533 0.18825656888470155 0.414541837261046 0.842335707085987 0.3444207045579384 -1.1891442603100995 -0.9055741682123608 0.34441834418314893 0.24761144976884428 2.5977002260139854
0.08994715685738718 -0.4145437983592182 0.9055732704840533 0.2284987997670509 0.414541837261046 0.842335707085987 0.3444207045579384 -1.1906569652212124 -0.9055741682123608 0.34441834418314893 0.24761144976884428 2.601004863983382
0.08994715685738718 -0.4145437983592182 0.9055732704840533 0.2687411221833944 0.414541837261046 0.842335707085987 0.3444207045579384 -1.1921696383447244 -0.9055741682123608 0.34441834418314893 0.24761144976884428 2.604309432512653
0.08994715685738718 -0.4145437983592182 0.9055732704840533 0.30898350580581857 0.414541837261046 0.842335707085987 0.3444207045579384 -1.19368241945406 -0.9055741682123608 0.34441834418314893 0.24761144976884428 2.607614236938408
0.08994715685738718 -0.4145437983592182 0.9055732704840533 0.3492258282221625 0.414541837261046 0.842335707085987 0.3444207045579384 -1.1951950925775723 -0.9055741682123608 0.34441834418314893 0.24761144976884428 2.610918805467679
0.08994715685738718 -0.4145437983592182 0.9055732704840533 0.3894680591045119 0.414541837261046 0.842335707085987 0.3444207045579384 -1.1967077974886853 -0.9055741682123608 0.34441834418314893 0.24761144976884428 2.6142234434370755
0.08994715685738718 -0.4145437983592182 0.9055732704840533 0.4297103815208554 0.414541837261046 0.842335707085987 0.3444207045579384 -1.1982204706121973 -0.9055741682123608 0.34441834418314893 0.24761144976884428 2.617528011966346
0.08994715685738718 -0.4145437983592182 0.9055732704840533 0.46995281091027663 0.414541837261046 0.842335707085987 0.3444207045579384 -1.1997332358277322 -0.9055741682123608 0.34441834418314893 0.24761144976884428 2.6208327816720387
0.08994715685738718 -0.4145437983592182 0.9055732704840533 0.5101950875596231 0.414541837261046 0.842335707085987 0.3444207045579384 -1.2012459248450447 -0.9055741682123608 0.34441834418314893 0.24761144976884428 2.6241373849213723
0.08994715685738718 -0.4145437983592182 0.9055732704840533 0.5504373642089695 0.414541837261046 0.842335707085987 0.3444207045579384 -1.2027586138623572 -0.9055741682123608 0.34441834418314893 0.24761144976884428 2.6274419881707063
0.08994715685738718 -0.4145437983592182 0.9055732704840533 0.5906796408583161 0.414541837261046 0.842335707085987 0.3444207045579384 -1.2042713028796697 -0.9055741682123608 0.34441834418314893 0.24761144976884428 2.63074659142004
0.08994715685738718 -0.4145437983592182 0.9055732704840533 0.6309220702477374 0.414541837261046 0.842335707085987 0.3444207045579384 -1.205784068095205 -0.9055741682123608 0.34441834418314893 0.24761144976884428 2.634051361125732
0.08994715685738718 -0.4145437983592182 0.9055732704840533 0.6711643468970838 0.414541837261046 0.842335707085987 0.3444207045579384 -1.2072967571125175 -0.9055741682123608 0.34441834418314893 0.24761144976884428 2.637355964375066
0.08994715685738718 -0.4145437983592182 0.9055732704840533 0.7114066235464303 0.414541837261046 0.842335707085987 0.3444207045579384 -1.20880944612983 -0.9055741682123608 0.34441834418314893 0.24761144976884428 2.6406605676243995
0.08994715685738718 -0.4145437983592182 0.9055732704840533 0.7516490529358515 0.414541837261046 0.842335707085987 0.3444207045579384 -1.210322211345365 -0.9055741682123608 0.34441834418314893 0.24761144976884428 2.643965337330092
0.08994715685738718 -0.4145437983592182 0.9055732704840533 0.7918913295851979 0.414541837261046 0.842335707085987 0.3444207045579384 -1.2118349003626776 -0.9055741682123608 0.34441834418314893 0.24761144976884428 2.6472699405794256
0.08994715685738718 -0.4145437983592182 0.9055732704840533 0.8321336062345444 0.414541837261046 0.842335707085987 0.3444207045579384 -1.21334758937999 -0.9055741682123608 0.34441834418314893 0.24761144976884428 2.650574543828759
0.08994715685738718 -0.4145437983592182 0.9055732704840533 0.8723758828838908 0.414541837261046 0.842335707085987 0.3444207045579384 -1.2148602783973026 -0.9055741682123608 0.34441834418314893 0.24761144976884428 2.653879147078093
0.08994715685738718 -0.4145437983592182 0.9055732704840533 0.9126181595332372 0.414541837261046 0.842335707085987 0.3444207045579384 -1.216372967414615 -0.9055741682123608 0.34441834418314893 0.24761144976884428 2.6571837503274267
0.08994715685738718 -0.4145437983592182 0.9055732704840533 0.9528605889226587 0.414541837261046 0.842335707085987 0.3444207045579384 -1.2178857326301502 -0.9055741682123608 0.34441834418314893 0.24761144976884428 2.660488520033119
0.08994715685738718 -0.4145437983592182 0.9055732704840533 0.9931028655720051 0.414541837261046 0.842335707085987 0.3444207045579384 -1.2193984216474627 -0.9055741682123608 0.34441834418314893 0.24761144976884428 2.6637931232824528
0.08994715685738718 -0.4145437983592182 0.9055732704840533 1.0333451422213515 0.414541837261046 0.842335707085987 0.3444207045579384 -1.2209111106647752 -0.9055741682123608 0.34441834418314893 0.24761144976884428 2.667097726531787
0.08994715685738718 -0.4145437983592182 0.9055732704840533 1.0735875716107728 0.414541837261046 0.842335707085987 0.3444207045579384 -1.2224238758803105 -0.9055741682123608 0.34441834418314893 0.24761144976884428 2.670402496237479
0.08994715685738718 -0.4145437983592182 0.9055732704840533 1.1138298482601192 0.414541837261046 0.842335707085987 0.3444207045579384 -1.223936564897623 -0.9055741682123608 0.34441834418314893 0.24761144976884428 2.6737070994868124
0.08994715685738718 -0.4145437983592182 0.9055732704840533 1.1540721249094656 0.414541837261046 0.842335707085987 0.3444207045579384 -1.2254492539149355 -0.9055741682123608 0.34441834418314893 0.24761144976884428 2.6770117027361464
0.08994715685738718 -0.4145437983592182 0.9055732704840533 1.1943145236958466 0.414541837261046 0.842335707085987 0.3444207045579384 -1.2269619651375587 -0.9055741682123608 0.34441834418314893 0.24761144976884428 2.6803163544935966
0.08994715685738718 -0.4145437983592182 0.9055732704840533 1.234556754578196 0.414541837261046 0.842335707085987 0.3444207045579384 -1.2284746700486717 -0.9055741682123608 0.34441834418314893 0.24761144976884428 2.683620992462993
0.08994715685738718 -0.4145437983592182 0.9055732704840533 1.2747991533645768 0.414541837261046 0.842335707085987 0.3444207045579384 -1.229987381271295 -0.9055741682123608 0.34441834418314893 0.24761144976884428 2.6869256442204437
0.08994715685738718 -0.4145437983592182 0.9055732704840533 1.3150413842469262 0.414541837261046 0.842335707085987 0.3444207045579384 -1.231500086182408 -0.9055741682123608 0.34441834418314893 0.24761144976884428 2.69023028218984
0.08994715685738718 -0.4145437983592182 0.9055732704840533 1.3552837830333073 0.414541837261046 0.842335707085987 0.3444207045579384 -1.2330127974050313 -0.9055741682123608 0.34441834418314893 0.24761144976884428 2.69353493394729
0.08994715685738718 -0.4145437983592182 0.9055732704840533 1.3955260139156567 0.414541837261046 0.842335707085987 0.3444207045579384 -1.2345255023161443 -0.9055741682123608 0.34441834418314893 0.24761144976884428 2.6968395719166867
0.08994715685738718 -0.4145437983592182 0.9055732704840533 1.4357684127020374 0.414541837261046 0.842335707085987 0.3444207045579384 -1.2360382135387677 -0.9055741682123608 0.34441834418314893 0.24761144976884428 2.700144223674137
0.08994715685738718 -0.4145437983592182 0.9055732704840533 1.4760106435843867 0.414541837261046 0.842335707085987 0.3444207045579384 -1.2375509184498807 -0.9055741682123608 0.34441834418314893 0.24761144976884428 2.7034488616435333
0.08994715685738718 -0.4145437983592182 0.9055732704840533 1.5162530423707676 0.414541837261046 0.842335707085987 0.3444207045579384 -1.2390636296725042 -0.9055741682123608 0.34441834418314893 0.24761144976884428 2.706753513400984
0.08994715685738718 -0.4145437983592182 0.9055732704840533 1.556495273253117 0.414541837261046 0.842335707085987 0.3444207045579384 -1.2405763345836172 -0.9055741682123608 0.34441834418314893 0.24761144976884428 2.7100581513703803
0.09684790873215463 -0.41427435882202257 0.9049846618572108 1.596737672039498 0.414272399674766 0.8435312394825344 0.3418090503260122 -1.2420890458062404 -0.9049855586924684 0.3418066758266453 0.2533166692470501 2.71336280312783
0.11676655339147278 -0.4133837406178516 0.9030390107862835 1.6369799029218473 0.4133817710412442 0.8469820731110169 0.3342706675725053 -1.2436017507173533 -0.9030399123958368 0.33426823184585885 0.2697844802777996 2.716667441097227
0.148478980224712 -0.411617272064625 0.8991803010350627 1.6772223017082284 0.4116153983358522 0.852476179083277 0.32226872008991847 -1.2451144619399765 -0.8991811587684916 0.3222663268690246 0.29600280113894145 2.719972092854677
0.19067598718101308 -0.40859432957563846 0.8925767987972691 1.7174645325905777 0.4085925592440252 0.8597867055238863 0.30629877821303797 -1.2466271668510898 -0.8925776091987542 0.30629641663430635 0.3308892816547849 2.7232767308240735
0.24193125339026014 -0.4038660340829328 0.882247978261861 1.7577069313769587 0.4038643942626135 0.8686665539859485 0.2869006257104877 -1.248139878073713 -0.8822487289194074 0.2868983173535537 0.3732646994021663 2.7265813825815237
0.3006805814106079 -0.39696967077451983 0.8671829498137912 1.797949162259308 0.3969681552143293 0.8788447216498885 0.26466627849777596 -1.249652582984826 -0.8671836435890099 0.26466400532240786 0.42183585975873317 2.7298860205509206
0.36521348154093103 -0.38747907974709356 0.8464508701980863 1.8381915610456891 0.3874777212331354 0.8900248841095457 0.2402430461298856 -1.2511652942074494 -0.8464514920825225 0.24024085502706496 0.475188597429627 2.7331906723083703
0.43369041194469643 -0.37504964428912924 0.8192987189699721 1.8784337919280383 0.3750483974625583 0.9018883247810779 0.21432720122361465 -1.2526779991185624 -0.8192992897275125 0.21432501940319165 0.5318020871619583 2.736495310277767
0.5041814529268187 -0.3594558455144555 0.7852340782531602 1.9186761907144194 0.3594547502535677 0.9141007150921617 0.18764904792762396 -1.2541907103411858 -0.7852345796287549 0.18764694986459643 0.5900807378331937 2.7397999620352174
0.5747275207957626 -0.3406201253141482 0.7440874996066862 1.9589184215967688 0.34061921109187726 0.9263226451335019 0.1609500237589899 -1.2557034152522988 -0.7440879181085414 0.16094808897233362 0.6484048756610722 2.7431046000046138
0.6434192715357315 -0.31863026331159805 0.6960505702306481 1.9991608203831497 0.31862949377203326 0.9382233120550205 0.13495281551374005 -1.257216126474922 -0.6960509225013687 0.1349509985827799 0.7051959594797067 2.746409251762064
0.7084866092955238 -0.293743929557304 0.6416862382014793 2.039403051265499 0.29374329093681406 0.9494960580362412 0.1103273076044602 -1.2587288313860352 -0.6416865305416206 0.11032560728077866 0.7589905512584365 2.749713889731461
0.7683861775171807 -0.26638181581701187 0.5819135764033755 2.07964545005188 0.2663813179284495 0.9598735049661024 0.08765756055693198 -1.2602415426086582 -0.5819138043209131 0.08765604751596691 0.8085126725504311 2.7530185414889106
0.8218839315640052 -0.2371076820585146 0.517964043294254 2.1198876809342293 0.23710730238857577 0.9691418526202547 0.06741065682659593 -1.2617542475197714 -0.5179642170950673 0.06740932137782542 0.852742078943261 2.7563231794583074
0.8681169766234409 -0.20659993053847964 0.4513196024987964 2.16013007972061 0.2065996402876432 0.9771516067424016 0.04991318536979512 -1.2632669587423946 -0.45131973536639475 0.049911983954141544 0.8909653698806531 2.7596278312157576
0.9066327144514714 -0.17561618081743224 0.3836353452452677 2.2003723106029596 0.17561597428831704 0.983824358796762 0.035336392188584476 -1.2647796636535076 -0.3836354397877261 0.03533536575782445 0.9228083556544332 2.762932469185154
0.9373982021587167 -0.14495607791839474 0.3166580901605419 2.2406147093893405 0.14495594356033892 0.9891544004602519 0.023692751563535012 -1.266292374876131 -0.3166581516653842 0.023691929525385378 0.9482438016982904 2.766237120942604
0.9607811413376375 -0.11542385623173197 0.25214466455299717 2.28085694027169 0.11542377070317843 0.9932054340820556 0.014843142070856588 -1.267805079787244 -0.25214470370524755 0.014842476965520686 0.967575707255469 2.769541758912001
0.9774992973427744 -0.08779902595689444 0.19179795289679966 2.3210993390580708 0.08779898003638129 0.9961018115467256 0.008515875639217015 -1.2693177910098674 -0.191797973917749 0.008515402183811829 0.9813974857959921 2.772846410669451
0.9885480776832313 -0.06281172003413796 0.13721292189564824 2.36134156994042 0.06281169903013958 0.9980159841752635 0.004334258371098871 -1.2708304959209804 -0.13721293151060998 0.0043339539722232635 0.9905320935079446 2.7761510486388477
0.9951055060094216 -0.041131093005722694 0.08985135000592835 2.401583968726801 0.04113108444355872 0.9991520416065279 0.0018524702438091063 -1.2723432071436036 -0.08985135392541445 0.0018522801251285319 0.9959534644028847 2.779455700396298
0.9984235107332575 -0.02336268048684634 0.05103604976432149 2.4418261996091504 0.023362678116832215 0.9997268773204322 0.0005966861375800148 -1.2738559120547168 -0.05103605084923851 0.0005965933347099677 0.9986966334128232 2.7827603383656943
0.9997081060851593 -0.010056091222716489 0.02196765023720769 2.4820685983955313 0.010056090972879636 0.9999494301353985 0.00011048184039520826 -1.27536862327734 -0.02196765035157505 0.000110459097827465 0.9997586759497608 2.786064990123145
0.9999914779014168 -0.001718385979091108 0.003753834595039583 2.522310829277881 0.0017183860178107803 0.999998523568489 3.2149674851012105e-06 -1.276881328188453 -0.003753834577314949 3.2355967944590508e-06 0.9999929543329278 2.7893696280925413
0.9999960733830784 0.0011664279904940614 -0.0025480706756517775 2.562553228064262 -0.0011664280511210414 0.9999993197215002 1.4622801855112856e-06 -1.2783940394110762 0.0025480706478986192 1.509866668622013e-06 0.9999967536615775 2.792674279849991
0.9999960733830783 0.0011664279467680926 -0.002548070695668134 2.5589188143059567 -0.0011664280073951851 0.9999993197215512 1.4622800974420835e-06 -1.295144102247249 0.0025480706679149256 1.5098666686219358e-06 0.9999967536615264 2.8292649794636198
0.9999960733830783 0.0011664279031454942 -0.0025480707156371706 2.555284400547651 -0.001166427963772699 0.999999319721602 1.4622800095810805e-06 -1.3118941650834215 0.002548070687883912 1.5098666686218591e-06 0.9999967536614756 2.8658556790772485
0.9999960733830784 0.0011664278594195254 -0.0025480707356535267 2.5516499867893456 -0.001166427920046843 0.9999993197216531 1.4622799215118737e-06 -1.328644227919594 0.0025480707079002175 1.5098666686217823e-06 0.9999967536614246 2.902446378690877
0.9999960733830783 0.0011664278156935561 -0.002548070755669883 2.5480155730310403 -0.0011664278763209863 0.9999993197217041 1.4622798334426657e-06 -1.3453942907557668 0.0025480707279165234 1.509866668621705e-06 0.9999967536613735 2.939037078304505
0.9999960733830784 0.001166427771967587 -0.002548070775686239 2.544381159272735 -0.0011664278325951298 0.9999993197217552 1.4622797453734552e-06 -1.3621443535919393 0.0025480707479328293 1.509866668621628e-06 0.9999967536613226 2.9756277779181337
0.9999960733830783 0.001166427728344989 -0.0025480707956552764 2.5407467455144297 -0.0011664277889726442 0.999999319721806 1.4622796575124466e-06 -1.3788944164281118 0.0025480707679018163 1.5098666686215512e-06 0.9999967536612716 3.0122184775317624
0.9999960733830783 0.0011664276846190197 -0.0025480708156716313 2.5371123317561244 -0.0011664277452467877 0.999999319721857 1.4622795694432323e-06 -1.3956444792642846 0.0025480707879181213 1.5098666686214742e-06 0.9999967536612206 3.048809177145391
0.9999960733830784 0.0011664276408930505 -0.0025480708356879884 2.533477917997819 -0.0011664277015209312 0.999999319721908 1.462279481374017e-06 -1.4123945421004571 0.0025480708079344276 1.5098666686213973e-06 0.9999967536611697 3.0853998767590194
0.9999960733830783 0.0011664275971670812 -0.0025480708557043446 2.529843496657535 -0.0011664276577950745 0.999999319721959 1.4622793933047996e-06 -1.4291446398799859 0.0025480708279507335 1.5098666686213202e-06 0.9999967536611186 3.1219906527068
0.9999960733830783 0.0011664275535444835 -0.002548070875673381 2.5262090904812085 -0.0011664276141725891 0.9999993197220098 1.462279305443784e-06 -1.4458946677728024 0.00254807084791972 1.5098666686212433e-06 0.9999967536610678 3.1585812759862764
0.9999960733830784 0.0011664275098185138 -0.0025480708956897376 2.5225746691409245 -0.0011664275704467324 0.9999993197220609 1.4622792173745625e-06 -1.462644765552331 0.002548070867936026 1.5098666686211665e-06 0.9999967536610168 3.1951720519340574
0.9999960733830783 0.001166427466092545 -0.002548070915706094 2.518940262964598 -0.0011664275267208762 0.9999993197221119 1.4622791293053407e-06 -1.4793947934451475 0.002548070887952332 1.5098666686210894e-06 0.9999967536609657 3.2317626752135338
0.9999960733830784 0.0011664274223665758 -0.0025480709357224495 2.515305841624314 -0.0011664274829950197 0.9999993197221629 1.4622790412361166e-06 -1.4961448912246764 0.0025480709079686373 1.5098666686210123e-06 0.9999967536609148 3.2683534511613144
0.9999960733830783 0.0011664273787439776 -0.0025480709556914864 2.5116714354479868 -0.0011664274393725338 0.9999993197222138 1.462278953375093e-06 -1.5128949191174927 0.0025480709279376242 1.5098666686209354e-06 0.9999967536608638 3.3049440744407903
0.9999960733830783 0.0011664273350180086 -0.0025480709757078426 2.5080370141077033 -0.0011664273956466776 0.9999993197222647 1.4622788653058658e-06 -1.5296450168970215 0.00254807094795393 1.5098666686208586e-06 0.9999967536608129 3.3415348503885713
0.9999960733830784 0.0011664272912920396 -0.002548070995724199 2.504402607931376 -0.001166427351920821 0.9999993197223158 1.4622787772366364e-06 -1.546395044789838 0.002548070967970236 1.5098666686207815e-06 0.9999967536607619 3.3781254736680477
0.9999960733830783 0.0011664272476694414 -0.002548071015693235 2.5007681865910927 -0.0011664273082983353 0.9999993197223667 1.462278689375607e-06 -1.5631451425693668 0.002548070987939222 1.5098666686207046e-06 0.999996753660711 3.4147162496158288
0.9999960733830783 0.0011664272039434722 -0.0025480710357095914 2.4971337728327874 -0.001166427264572479 0.9999993197224176 1.4622786013063747e-06 -1.5798952054055393 0.002548071007955528 1.5098666686206278e-06 0.99999675366066 3.451306949229457
0.9999960733830784 0.001166427160217503 -0.0025480710557259484 2.493499359074482 -0.0011664272208466223 0.9999993197224687 1.4622785132371398e-06 -1.5966452682417118 0.0025480710279718343 1.5098666686205507e-06 0.999996753660609 3.4878976488430853
0.9999960733830783 0.0011664271164915335 -0.002548071075742304 2.4898649453161767 -0.0011664271771207656 0.9999993197225197 1.4622784251679037e-06 -1.6133953310778846 0.00254807104798814 1.5098666686204736e-06 0.999996753660558 3.524488348456714
0.9999960733830783 0.0011664270728689355 -0.0025480710957113397 2.486230531557871 -0.0011664271334982802 0.9999993197225705 1.4622783373068672e-06 -1.630145393914057 0.002548071067957126 1.509866668620397e-06 0.9999967536605071 3.5610790480703427
0.9999960733830783 0.0011664270291429665 -0.002548071115727697 2.4825961177995657 -0.0011664270897724237 0.9999993197226216 1.4622782492376276e-06 -1.6468954567502296 0.002548071087973432 1.5098666686203199e-06 0.999996753660456 3.5976697476839714
0.9999960733830783 0.0011664269854169975 -0.002548071135744053 2.4789617040412604 -0.0011664270460465672 0.9999993197226725 1.4622781611683864e-06 -1.6636455195864022 0.002548071107989738 1.5098666686202428e-06 0.9999967536604051 3.6342604472975997
0.9999960733830784 0.0011664269416910282 -0.0025480711557604096 2.475327290282955 -0.001166427002320711 0.9999993197227236 1.4622780730991432e-06 -1.680395582422575 0.002548071128006044 1.509866668620166e-06 0.9999967536603541 3.670851146911228
0.9999960733830783 0.0011664268980684303 -0.0025480711757294456 2.4716928765246498 -0.0011664269586982253 0.9999993197227744 1.4622779852381002e-06 -1.6971456452587474 0.00254807114797503 1.5098666686200888e-06 0.9999967536603032 3.7074418465248566
0.9999960733830783 0.001166426854342461 -0.0025480711957458022 2.4680584627663444 -0.0011664269149723686 0.9999993197228254 1.4622778971688538e-06 -1.71389570809492 0.0025480711679913364 1.509866668620012e-06 0.9999967536602522 3.7440325461384854
0.9999960733830784 0.001166426810616492 -0.002548071215762159 2.464424049008039 -0.0011664268712465124 0.9999993197228765 1.462277809099606e-06 -1.7306457709310927 0.0025480711880076427 1.509866668619935e-06 0.9999967536602012 3.7806232457521136
0.9999960733830783 0.0011664267668905228 -0.0025480712357785146 2.460789635249734 -0.0011664268275206559 0.9999993197229274 1.4622777210303555e-06 -1.7473958337672653 0.002548071208023948 1.509866668619858e-06 0.9999967536601502 3.8172139453657423
0.9999960733830783 0.0011664267232679246 -0.0025480712557475506 2.4571552214914285 -0.00116642678389817 0.9999993197229783 1.4622776331693048e-06 -1.7641458966034378 0.0025480712279929343 1.5098666686197811e-06 0.9999967536600993 3.8538046449793706
0.9999960733830784 0.0011664266795419556 -0.0025480712757639076 2.453520807733123 -0.0011664267401723138 0.9999993197230294 1.4622775451000519e-06 -1.7808959594396105 0.0025480712480092406 1.5098666686197043e-06 0.9999967536600484 3.8903953445929993
0.9999960733830783 0.0011664266358159864 -0.002548071295780264 2.449886393974818 -0.001166426696446457 0.9999993197230803 1.4622774570307965e-06 -1.797646022275783 0.0025480712680255465 1.5098666686196272e-06 0.9999967536599973 3.926986044206628
0.9999960733830784 0.0011664265921933882 -0.0025480713157493 2.4462519802165126 -0.0011664266528239715 0.9999993197231313 1.4622773691697398e-06 -1.8143960851119556 0.002548071287994532 1.5098666686195503e-06 0.9999967536599464 3.9635767438202563
0.9999960733830783 0.0011664265484674192 -0.0025480713357656564 2.442617566458207 -0.001166426609098115 0.9999993197231822 1.4622772811004816e-06 -1.8311461479481284 0.0025480713080108385 1.5098666686194732e-06 0.9999967536598954 4.0001674434338845
0.9999960733830783 0.0011664265047414502 -0.0025480713557820126 2.4389831526999015 -0.0011664265653722585 0.9999993197232332 1.4622771930312211e-06 -1.8478962107843009 0.0025480713280271444 1.5098666686193964e-06 0.9999967536598444 4.036758143047513
0.9999960733830784 0.0011664264610154807 -0.0025480713757983693 2.435348738941596 -0.001166426521646402 0.9999993197232843 1.462277104961959e-06 -1.8646462736204734 0.0025480713480434507 1.5098666686193193e-06 0.9999967536597935 4.073348842661142
0.9999960733830783 0.0011664264173928828 -0.002548071395767405 2.4317143176013127 -0.0011664264780239164 0.9999993197233351 1.4622770171008962e-06 -1.8813963714000022 0.0025480713680124363 1.5098666686192424e-06 0.9999967536597425 4.109939618608923
0.9999960733830783 0.0011664263736669135 -0.0025480714157837614 2.4280799114249856 -0.0011664264342980597 0.9999993197233861 1.4622769290316301e-06 -1.8981463992928187 0.0025480713880287427 1.5098666686191656e-06 0.9999967536596915 4.146530241888399
0.9999960733830784 0.0011664263299409443 -0.002548071435800118 2.424445490084702 -0.0011664263905722034 0.9999993197234371 1.4622768409623624e-06 -1.9148964970723474 0.0025480714080450485 1.5098666686190885e-06 0.9999967536596406 4.1831210178361795
0.9999960733830783 0.0011664262862149753 -0.0025480714558164743 2.420811083908375 -0.001166426346846347 0.9999993197234881 1.4622767528930932e-06 -1.931646524965164 0.0025480714280613544 1.5098666686190114e-06 0.9999967536595895 4.219711641115656
0.9999960733830784 0.001166426242592377 -0.0025480714757855107 2.417176662568091 -0.001166426303223861 0.9999993197235391 1.4622766650320235e-06 -1.9483966227446927 0.0025480714480303405 1.5098666686189345e-06 0.9999967536595387 4.256302417063437
0.9999960733830783 0.001166426198866408 -0.0025480714958018673 2.4135422563917643 -0.0011664262594980046 0.99999931972359 1.462276576962751e-06 -1.965146650637509 0.002548071468046647 1.5098666686188575e-06 0.9999967536594876 4.292893040342913
0.9999960733830783 0.0011664261551404386 -0.0025480715158182226 2.4099078350514804 -0.0011664262157721481 0.999999319723641 1.4622764888934756e-06 -1.9818967484170378 0.0025480714880629523 1.5098666686187806e-06 0.9999967536594366 4.329483816290694
0.9999960733830784 0.00116642611141447 -0.0025480715358345792 2.4062734288751537 -0.001166426172046292 0.999999319723692 1.462276400824201e-06 -1.9986467763098543 0.0025480715080792586 1.5098666686187037e-06 0.9999967536593857 4.36607443957017
0.9999960733830783 0.0011664260677918714 -0.0025480715558036156 2.40263900753487 -0.0011664261284238058 0.9999993197237429 1.4622763129631233e-06 -2.015396874089383 0.0025480715280482447 1.5098666686186266e-06 0.9999967536593347 4.402665215517951
0.9999960733830783 0.0011664260240659024 -0.0025480715758199723 2.399004601358543 -0.0011664260846979497 0.9999993197237939 1.4622762248938443e-06 -2.0321469019821996 0.002548071548064551 1.5098666686185498e-06 0.9999967536592838 4.439255838797427
0.9999914770188784 -0.0017184749153641976 0.0037540289779530276 2.395370180018259 0.001718474992122199 0.999998523415624 3.205169372555029e-06 -2.0488969997617286 -0.0037540289428156584 3.2460628633573617e-06 0.9999929536032539 4.475846614745208
0.9997081060851593 -0.010056091222716489 0.02196765023720769 2.391735773841932 0.010056090972879636 0.9999494301353985 0.00011048184039520826 -2.0656470276545447 -0.02196765035157505 0.000110459097827465 0.9997586759497608 4.512437238024684
0.9984234966906815 -0.023362784636122787 0.051036276803846814 2.3881013525016486 0.023362782086062156 0.9997268748854866 0.00059669497879219 -2.082397125434073 -0.0510362779711834 0.0005965951262687513 0.9986966218051924 4.549028013972465
0.9951055060094216 -0.041131093005722694 0.08985135000592835 2.3844669463253214 0.04113108444355872 0.9991520416065279 0.0018524702438091063 -2.09914715332689 -0.08985135392541445 0.0018522801251285319 0.9959534644028847 4.585618637251941
0.9885481177794933 -0.06281161294003358 0.13721268204685977 2.380832524985038 0.06281158970301115 0.9980159910512963 0.004334259438391311 -2.1158972511064187 -0.13721269268402914 0.004333922676987347 0.9905321267281683 4.622209413199722
0.9774992973427744 -0.08779902595689444 0.19179795289679966 2.377198118808711 0.08779898003638129 0.9961018115467256 0.008515875639217015 -2.132647278999235 -0.191797973917749 0.008515402183811829 0.9813974857959921 4.658800036479199
0.9607810817276337 -0.11542393761087798 0.25214485444021717 2.373563697468427 0.1154238566667199 0.9932054240246602 0.014843146572593854 -2.149397376778764 -0.2521448914938763 0.014842517117900043 0.9675756577028725 4.695390812426979
0.9373982942775927 -0.14495597354573087 0.31665786524081313 2.3699292912921 0.14495584035475756 0.9891544165069218 0.023692713054797872 -2.1661474046715803 -0.3166579262114019 0.02369189815654967 0.9482438777704995 4.731981435706455
0.9066326107731185 -0.17561626650762382 0.3836355510385375 2.3662948699518163 0.17561606701853538 0.983824341483229 0.03533641337250002 -2.182897502451109 -0.3836356423582934 0.03533542193060873 0.9228082692896317 4.768572211654236
0.8681170931381073 -0.20659984239342355 0.4513194187318502 2.3626604637754895 0.2065995554682853 0.9771516272960299 0.04991313407338303 -2.199647530343926 -0.45131955007704855 0.04991194642300729 0.8909654658416999 4.8051628349337125
0.8218840626124599 -0.23710760831512473 0.5179638691093418 2.3590260424352056 0.2371072236906897 0.9691418746792123 0.06741061650033386 -2.2163976281234543 -0.5179640451781679 0.0674092636240989 0.8527421879327454 4.841753610881494
0.7683864826863124 -0.26638166342267355 0.5819132432047983 2.355391636258879 0.2663811654241824 0.959873557819205 0.08765744524428931 -2.2331476560162704 -0.5819134711726578 0.08765593186813235 0.8085129248664598 4.878344234160969
0.7084867769004966 -0.29374385719536084 0.6416860862736058 2.351757214918595 0.2937432209016751 0.9494960874733699 0.11032724072989614 -2.2498977537958 -0.6416863775486088 0.11032554660074985 0.7589906894262868 4.91493501010875
0.6434196389016564 -0.31863014758112457 0.6960502836204384 2.348122808742268 0.31862936525161084 0.938223373220311 0.13495269372063878 -2.266647781688616 -0.6960506417459994 0.13495084659064474 0.7051962656803074 4.9515256333882265
0.5747277218757364 -0.3406200669174881 0.74408737102618 2.3444883874019844 0.34061915231231144 0.9263226798871693 0.1609499481351117 -2.2833978794681444 -0.7440877897033176 0.1609480125375231 0.6484050419873775 4.9881164093360075
0.5041816815640088 -0.3594557635168149 0.7852339689862073 2.3408539812256572 0.35945469469468067 0.9141007610209517 0.1876489306201098 -2.3001479073609614 -0.7852344582589599 0.18764688320209452 0.5900809205416637 5.024707032615484
0.4336906519695105 -0.37504958112757786 0.8192986208277719 2.3372195598853738 0.3750483493772527 0.9018883703085345 0.2143270937880089 -2.31689800514049 -0.8192991846838731 0.2143249383488635 0.5318022816593558 5.061297808563264
0.36521370518329793 -0.3874790283414118 0.8464507972362495 2.3335851537090466 0.38747768471426597 0.8900249270800973 0.2402429458372072 -2.333648033033306 -0.8464514123059628 0.24024077874428976 0.4751887781014807 5.09788843184274
0.3006805814106079 -0.39696967077451983 0.8671829498137912 2.329950732368763 0.3969681552143293 0.8788447216498885 0.26466627849777596 -2.350398130812835 -0.8671836435890099 0.26466400532240786 0.42183585975873317 5.1344792077905215
0.2419317041741378 -0.4038660017274837 0.8822478694584949 2.326316326192436 0.40386434747981326 0.8686666273910789 0.2869004693124661 -2.3671481587056515 -0.8822486267204399 0.28689814064518565 0.37326507678087584 5.171069831069998
0.19067598718101308 -0.40859432957563846 0.8925767987972691 2.322681904852152 0.4085925592440252 0.8597867055238863 0.30629877821303797 -2.38389825648518 -0.8925776091987542 0.30629641663430635 0.3308892816547849 5.207660607017779
0.14847922986818474 -0.41161721291001613 0.8991802868913114 2.3190474986758254 0.411615382734879 0.8524762379428964 0.3222685843186471 -2.4006482843779966 -0.8991811246872177 0.3222662467260826 0.29600299192290913 5.244251230297254
0.11676655339147278 -0.4133837406178516 0.9030390107862835 2.3154130773355415 0.4133817710412442 0.8469820731110169 0.3342706675725053 -2.4173983821575256 -0.9030399123958368 0.33426823184585885 0.2697844802777996 5.280842006245035
0.0968476992843112 -0.41427433492544347 0.9049846952105969 2.3117786711592148 0.41427240815740995 0.8435312154259503 0.34180909941293136 -2.4341484100503417 -0.904985577223635 0.34180676415790884 0.25331648385587485 5.317432629524512
0.0899471568573896 -0.41454379737622704 0.9055732709340364 2.308144249818931 0.41454183529462185 0.8423357082077458 0.34442070418127013 -2.4508985078298706 -0.9055741691125243 0.344418342622824 0.24761144864708545 5.354023405472293
0.0899471568573896 -0.41454379737622704 0.9055732709340364 2.348386602838315 0.41454183529462185 0.8423357082077458 0.34442070418127013 -2.4524112349462945 -0.9055741691125243 0.344418342622824 0.24761144864708545 5.357328091949806
0.0899471568573896 -0.41454379737622704 0.9055732709340364 2.388628879487661 0.41454183529462185 0.8423357082077458 0.34442070418127013 -2.453923923963607 -0.9055741691125243 0.344418342622824 0.24761144864708545 5.360632695199139
0.0899471568573896 -0.41454379737622704 0.9055732709340364 2.428871232507045 0.41454183529462185 0.8423357082077458 0.34442070418127013 -2.4554366510800305 -0.9055741691125243 0.344418342622824 0.24761144864708545 5.363937381676652
0.0899471568573896 -0.41454379737622704 0.9055732709340364 2.4691135091563914 0.41454183529462185 0.8423357082077458 0.34442070418127013 -2.4569493400973434 -0.9055741691125243 0.344418342622824 0.24761144864708545 5.367241984925986
0.0899471568573896 -0.41454379737622704 0.9055732709340364 2.5093558621757754 0.41454183529462185 0.8423357082077458 0.34442070418127013 -2.458462067213767 -0.9055741691125243 0.344418342622824 0.24761144864708545 5.370546671403499
0.0899471568573896 -0.41454379737622704 0.9055732709340364 2.5495981388251217 0.41454183529462185 0.8423357082077458 0.34442070418127013 -2.4599747562310794 -0.9055741691125243 0.344418342622824 0.24761144864708545 5.373851274652833
0.0899471568573896 -0.41454379737622704 0.9055732709340364 2.5898404918445057 0.41454183529462185 0.8423357082077458 0.34442070418127013 -2.4614874833475033 -0.9055741691125243 0.344418342622824 0.24761144864708545 5.377155961130346
0.0899471568573896 -0.41454379737622704 0.9055732709340364 2.630082768493852 0.41454183529462185 0.8423357082077458 0.34442070418127013 -2.463000172364816 -0.9055741691125243 0.344418342622824 0.24761144864708545 5.38046056437968
0.0899471568573896 -0.41454379737622704 0.9055732709340364 2.670325167280233 0.41454183529462185 0.8423357082077458 0.34442070418127013 -2.4645128835874393 -0.9055741691125243 0.344418342622824 0.24761144864708545 5.38376521613713
0.0899471568573896 -0.41454379737622704 0.9055732709340364 2.7105673981625826 0.41454183529462185 0.8423357082077458 0.34442070418127013 -2.4660255884985522 -0.9055741691125243 0.344418342622824 0.24761144864708545 5.387069854106526
0.0899471568573896 -0.41454379737622704 0.9055732709340364 2.7508097969489635 0.41454183529462185 0.8423357082077458 0.34442070418127013 -2.4675382997211757 -0.9055741691125243 0.344418342622824 0.24761144864708545 5.390374505863976
0.0899471568573896 -0.41454379737622704 0.9055732709340364 2.791052027831313 0.41454183529462185 0.8423357082077458 0.34442070418127013 -2.4690510046322887 -0.9055741691125243 0.344418342622824 0.24761144864708545 5.393679143833373
0.0899471568573896 -0.41454379737622704 0.9055732709340364 2.831294426617694 0.41454183529462185 0.8423357082077458 0.34442070418127013 -2.4705637158549116 -0.9055741691125243 0.344418342622824 0.24761144864708545 5.396983795590823
0.0899471568573896 -0.41454379737622704 0.9055732709340364 2.871536657500043 0.41454183529462185 0.8423357082077458 0.34442070418127013 -2.472076420766025 -0.9055741691125243 0.344418342622824 0.24761144864708545 5.40028843356022
0.0899471568573896 -0.41454379737622704 0.9055732709340364 2.911779056286424 0.41454183529462185 0.8423357082077458 0.34442070418127013 -2.473589131988648 -0.9055741691125243 0.344418342622824 0.24761144864708545 5.40359308531767
0.0899471568573896 -0.41454379737622704 0.9055732709340364 2.9520212871687734 0.41454183529462185 0.8423357082077458 0.34442070418127013 -2.4751018368997615 -0.9055741691125243 0.344418342622824 0.24761144864708545 5.4068977232870665
0.0899471568573896 -0.41454379737622704 0.9055732709340364 2.9922636859551544 0.41454183529462185 0.8423357082077458 0.34442070418127013 -2.4766145481223845 -0.9055741691125243 0.344418342622824 0.24761144864708545 5.410202375044516
0.0899471568573896 -0.41454379737622704 0.9055732709340364 3.032506038974538 0.41454183529462185 0.8423357082077458 0.34442070418127013 -2.4781272752388084 -0.9055741691125243 0.344418342622824 0.24761144864708545 5.413507061522029
0.0899471568573896 -0.41454379737622704 0.9055732709340364 3.0727483156238846 0.41454183529462185 0.8423357082077458 0.34442070418127013 -2.479639964256121 -0.9055741691125243 0.344418342622824 0.24761144864708545 5.416811664771363
0.0899471568573896 -0.41454379737622704 0.9055732709340364 3.1129905922732313 0.41454183529462185 0.8423357082077458 0.34442070418127013 -2.4811526532734334 -0.9055741691125243 0.344418342622824 0.24761144864708545 5.420116268020697
0.0899471568573896 -0.41454379737622704 0.9055732709340364 3.153232945292615 0.41454183529462185 0.8423357082077458 0.34442070418127013 -2.4826653803898573 -0.9055741691125243 0.344418342622824 0.24761144864708545 5.42342095449821
0.0899471568573896 -0.41454379737622704 0.9055732709340364 3.1934752983119985 0.41454183529462185 0.8423357082077458 0.34442070418127013 -2.484178107506281 -0.9055741691125243 0.344418342622824 0.24761144864708545 5.426725640975723
0.0899471568573896 -0.41454379737622704 0.9055732709340364 3.233717574961345 0.41454183529462185 0.8423357082077458 0.34442070418127013 -2.4856907965235937 -0.9055741691125243 0.344418342622824 0.24761144864708545 5.4300302442250565
0.0899471568573896 -0.41454379737622704 0.9055732709340364 3.273959851610692 0.41454183529462185 0.8423357082077458 0.34442070418127013 -2.487203485540906 -0.9055741691125243 0.344418342622824 0.24761144864708545 5.4333348474743905
0.0899471568573896 -0.41454379737622704 0.9055732709340364 3.3142022046300754 0.41454183529462185 0.8423357082077458 0.34442070418127013 -2.48871621265733 -0.9055741691125243 0.344418342622824 0.24761144864708545 5.436639533951904
0.0899471568573896 -0.41454379737622704 0.9055732709340364 3.3544445576494595 0.41454183529462185 0.8423357082077458 0.34442070418127013 -2.490228939773754 -0.9055741691125243 0.344418342622824 0.24761144864708545 5.439944220429417
0.0899471568573896 -0.41454379737622704 0.9055732709340364 3.3946868342988057 0.41454183529462185 0.8423357082077458 0.34442070418127013 -2.4917416287910665 -0.9055741691125243 0.344418342622824 0.24761144864708545 5.443248823678751
0.0899471568573896 -0.41454379737622704 0.9055732709340364 3.4349291109481523 0.41454183529462185 0.8423357082077458 0.34442070418127013 -2.493254317808379 -0.9055741691125243 0.344418342622824 0.24761144864708545 5.446553426928084
0.0899471568573896 -0.41454379737622704 0.9055732709340364 3.475171463967536 0.41454183529462185 0.8423357082077458 0.34442070418127013 -2.4947670449248025 -0.9055741691125243 0.344418342622824 0.24761144864708545 5.449858113405597
0.0899471568573896 -0.41454379737622704 0.9055732709340364 3.5154138169869205 0.41454183529462185 0.8423357082077458 0.34442070418127013 -2.4962797720412264 -0.9055741691125243 0.344418342622824 0.24761144864708545 5.45316279988311
0.0899471568573896 -0.41454379737622704 0.9055732709340364 3.5556560936362667 0.41454183529462185 0.8423357082077458 0.34442070418127013 -2.497792461058539 -0.9055741691125243 0.344418342622824 0.24761144864708545 5.456467403132444
0.0899471568573896 -0.41454379737622704 0.9055732709340364 3.595898370285613 0.41454183529462185 0.8423357082077458 0.34442070418127013 -2.4993051500758514 -0.9055741691125243 0.344418342622824 0.24761144864708545 5.459772006381778
0.0899471568573896 -0.41454379737622704 0.9055732709340364 3.636140723304997 0.41454183529462185 0.8423357082077458 0.34442070418127013 -2.5008178771922753 -0.9055741691125243 0.344418342622824 0.24761144864708545 5.463076692859291
0.0899471568573896 -0.41454379737622704 0.9055732709340364 3.676383076324381 0.41454183529462185 0.8423357082077458 0.34442070418127013 -2.502330604308699 -0.9055741691125243 0.344418342622824 0.24761144864708545 5.466381379336804
0.0899471568573896 -0.41454379737622704 0.9055732709340364 3.716625352973727 0.41454183529462185 0.8423357082077458 0.34442070418127013 -2.5038432933260113 -0.9055741691125243 0.344418342622824 0.24761144864708545 5.469685982586137
0.0899471568573896 -0.41454379737622704 0.9055732709340364 3.7568678281301455 0.41454183529462185 0.8423357082077458 0.34442070418127013 -2.505356042647746 -0.9055741691125243 0.344418342622824 0.24761144864708545 5.472990717571767
0.0899471568573896 -0.41454379737622704 0.9055732709340364 3.79710990627242 0.41454183529462185 0.8423357082077458 0.34442070418127013 -2.5068686713606363 -0.9055741691125243 0.344418342622824 0.24761144864708545 5.476295189084805
0.0899471568573896 -0.41454379737622704 0.9055732709340364 3.8373523814288384 0.41454183529462185 0.8423357082077458 0.34442070418127013 -2.508381420682371 -0.9055741691125243 0.344418342622824 0.24761144864708545 5.479599924070435
0.0899471568573896 -0.41454379737622704 0.9055732709340364 3.8775946123111877 0.41454183529462185 0.8423357082077458 0.34442070418127013 -2.509894125593484 -0.9055741691125243 0.344418342622824 0.24761144864708545 5.482904562039831
0.0899471568573896 -0.41454379737622704 0.9055732709340364 3.9178369347275313 0.41454183529462185 0.8423357082077458 0.34442070418127013 -2.511406798716996 -0.9055741691125243 0.344418342622824 0.24761144864708545 5.486209130569102
0.0899471568573896 -0.41454379737622704 0.9055732709340364 3.958079318349956 0.41454183529462185 0.8423357082077458 0.34442070418127013 -2.512919579826332 -0.9055741691125243 0.344418342622824 0.24761144864708545 5.489513934994857
0.0899471568573896 -0.41454379737622704 0.9055732709340364 3.9983216407662994 0.41454183529462185 0.8423357082077458 0.34442070418127013 -2.514432252949844 -0.9055741691125243 0.344418342622824 0.24761144864708545 5.492818503524128
0.0899471568573896 -0.41454379737622704 0.9055732709340364 4.038563871648648 0.41454183529462185 0.8423357082077458 0.34442070418127013 -2.515944957860957 -0.9055741691125243 0.344418342622824 0.24761144864708545 5.496123141493524
0.0899471568573896 -0.41454379737622704 0.9055732709340364 4.078806346805067 0.41454183529462185 0.8423357082077458 0.34442070418127013 -2.5174577071826914 -0.9055741691125243 0.344418342622824 0.24761144864708545 5.499427876479154
0.0899471568573896 -0.41454379737622704 0.9055732709340364 4.119048424947342 0.41454183529462185 0.8423357082077458 0.34442070418127013 -2.518970335895582 -0.9055741691125243 0.344418342622824 0.24761144864708545 5.5027323479921915
0.09684790873215698 -0.4142743577698486 0.9049846623388638 4.15929090010376 0.41427239770834196 0.8435312406226411 0.3418090498957122 -2.5204830852173163 -0.9049855595926319 0.34180667428827005 0.2533166681069433 5.506037082977821
0.11676634304630536 -0.4133836977298712 0.903039057617538 4.199533130986109 0.41338177936817666 0.8469820570829963 0.3342706978869911 -2.52199579012843 -0.9030399357824618 0.33426832549709895 0.2697842859607892 5.5093417209472175
0.14847922986818696 -0.41161721138513707 0.899180287589354 4.239775453402452 0.41161538076845494 0.8524762391941832 0.32226858352030113 -2.5235084632519413 -0.8991811255873813 0.32226624536377496 0.29600299067162344 5.512646289476489
0.19067598718101522 -0.4085943277313657 0.8925767996415203 4.280017837024877 0.40859255727760097 0.8597867068315684 0.30629877716549364 -2.525021244361277 -0.8925776100989178 0.30629641542381736 0.33088928034710435 5.515951093902244
0.24193125339026203 -0.40386603193645315 0.8822479792444529 4.32026015944122 0.4038643922961893 0.8686665553234294 0.28690062442901176 -2.526533917484789 -0.882248729819571 0.28689831632554236 0.37326469806468776 5.519255662431515
0.3006803286236549 -0.3969697244709209 0.8671830128826625 4.360502390323569 0.3969681864195409 0.8788446721912958 0.2646663959246707 -2.528046622395902 -0.8671837169536519 0.26466408901559557 0.42183565643031334 5.522560300400912
0.36521325789854303 -0.3874790989640477 0.8464509578948695 4.400744865479988 0.3874777557855586 0.8900248508330292 0.24024311368076945 -2.529559371717637 -0.8464515727591977 0.24024094731259657 0.47518840706379495 5.525865035386541
0.4336904119446979 -0.37504964169499216 0.819298720157487 4.440986943622262 0.3750483954961341 0.9018883259741077 0.21432719964436808 -2.531072000430527 -0.8192992906276763 0.2143250189223822 0.5318020859689316 5.529169506899579
0.50418145292682 -0.3594558429285998 0.7852340794368838 4.48122941877868 0.35945474828714363 0.9141007161800241 0.1876490463951069 -2.532584749752262 -0.7852345805289187 0.1876469495186548 0.5900807367453342 5.532474241885208
0.574727520795764 -0.34062012278205395 0.7440875007657992 4.52147164966103 0.3406192091254533 0.9263226461065497 0.16095002232031727 -2.5340974546633745 -0.7440879190087053 0.16094808873080282 0.6484048746880271 5.535778879854605
0.6434196389016574 -0.31863014512680404 0.696050284743949 4.561713972077374 0.3186293632851868 0.9382233740774152 0.13495269240466068 -2.535610127786887 -0.6960506426461635 0.13495084642662425 0.7051962648232054 5.539083448383876
0.7084867769004973 -0.29374385662362024 0.6416860865353299 4.601956355699798 0.2937432189352511 0.9494960879097596 0.1103272422097961 -2.5371229088962224 -0.6416863784487731 0.110325544367313 0.758990688989894 5.542388252809631
0.768386330101769 -0.26638173811480204 0.5819134104930666 4.6421986781161415 0.2663812397098996 0.9598735319155832 0.08765750315016221 -2.5386355820197344 -0.5819136386469664 0.08765598853952136 0.8085127981855371 5.545692821338902
0.8218841978882335 -0.23710753000170354 0.5179636903086028 4.68244090899849 0.23710714048772877 0.9691418979908314 0.06741057401076934 -2.5401482869308474 -0.5179638686157051 0.06740920393551775 0.852742299896887 5.548997459308298
0.8681170931381078 -0.20659984024968042 0.45131941971318784 4.722683384154909 0.20659955350186165 0.9771516277505837 0.049913133313949504 -2.541661036252582 -0.45131955097721327 0.049911946397543205 0.8909654653871469 5.552302194293928
0.9066327144514716 -0.17561617008957525 0.38363535015614203 4.762925462297184 0.17561597232189338 0.9838243599660179 0.035336369407327844 -2.5431736649654724 -0.383635440687891 0.035335386520095345 0.9228083544852003 5.555606665806966
0.9373983794814463 -0.1449558786894453 0.3166576564350358 4.803167937453602 0.14495574292999744 0.9891544313703301 0.023692688577941524 -2.544686414287207 -0.3166577185813901 0.023691857964491535 0.9482439481109382 5.558911400792596
0.9607811413376375 -0.11542385421415854 0.25214466547657804 4.843410168335952 0.115423768736755 0.9932054343165786 0.01484314166949313 -2.54619911919832 -0.2521447046054128 0.01484247696192314 0.9675757070209462 5.562216038761992
0.9774993986418552 -0.08779882926615822 0.1917975266636762 4.883652490752295 0.08779878268126208 0.9961018292416366 0.008515840601728924 -2.547711792321832 -0.19179754798875845 0.008515360295227762 0.9813975694001603 5.565520607291263
0.9885481501787025 -0.06281152236609724 0.13721249008861697 4.923894874374719 0.06281149939619869 0.9980159967970371 0.0043342451266131085 -2.549224573431168 -0.13721250060350507 0.004333912236017638 0.9905321533816372 5.568825411717018
0.9951055060094216 -0.0411310910329979 0.08985135090897892 4.964137196791063 0.041131082477135525 0.9991520416877373 0.0018524701037322033 -2.5507372465546796 -0.08985135482558013 0.0018522801249774982 0.9959534643216753 5.572129980246289
0.9984234966906815 -0.023362782667672548 0.051036277704940666 5.0043794276734115 0.023362780119639024 0.9997268749314877 0.0005966948993876307 -2.552249951465793 -0.05103627887134919 0.0005965951262412715 0.9986966217591913 5.575434618215685
0.9997081060851593 -0.01005608925591815 0.021967651137545344 5.04462190282983 0.010056089006456433 0.9999494301551778 0.00011048180624360339 -2.5537627007875274 -0.02196765125174095 0.00011045909782527966 0.9997586759299815 5.578739353201315
0.9999914770188784 -0.0017184729489300751 0.00375402987812394 5.084863980972105 0.0017184730256990478 0.9999985234190032 3.2051635374262033e-06 -2.555275329500418 -0.003754029842981597 3.2460628633463922e-06 0.9999929535998746 5.5820438247143525
0.9999960733830784 0.0011664279904940614 -0.0025480706756517775 5.125106456128523 -0.0011664280511210414 0.9999993197215002 1.4622801855112856e-06 -2.5567880788221524 0.0025480706478986192 1.509866668622013e-06 0.9999967536615775 5.585348559699982
0.9999960733830784 0.0011664279904940614 -0.0025480706756517775 5.121472004185199 -0.0011664280511210414 0.9999993197215002 1.4622801855112856e-06 -2.5735381226087695 0.0025480706478986192 1.509866668622013e-06 0.9999967536615775 5.621939217699522
0.9999960733830784 0.0011664279904940614 -0.0025480706756517775 5.11783770498195 -0.0011664280511210414 0.9999993197215002 1.4622801855112856e-06 -2.590288242593609 0.0025480706478986192 1.509866668622013e-06 0.9999967536615775 5.6585300421554185
0.9999960733830784 0.0011664279904940614 -0.0025480706756517775 5.114203253038626 -0.0011664280511210414 0.9999993197215002 1.4622801855112856e-06 -2.607038286380226 0.0025480706478986192 1.509866668622013e-06 0.9999967536615775 5.695120700154957
0.9999960733830784 0.0011664279904940614 -0.0025480706756517775 5.110568801095302 -0.0011664280511210414 0.9999993197215002 1.4622801855112856e-06 -2.623788330166843 0.0025480706478986192 1.509866668622013e-06 0.9999967536615775 5.731711358154496
0.9999960733830784 0.0011664279904940614 -0.0025480706756517775 5.106934349151977 -0.0011664280511210414 0.9999993197215002 1.4622801855112856e-06 -2.64053837395346 0.0025480706478986192 1.509866668622013e-06 0.9999967536615775 5.768302016154035
0.9999960733830784 0.0011664279904940614 -0.0025480706756517775 5.103300049948729 -0.0011664280511210414 0.9999993197215002 1.4622801855112856e-06 -2.6572884939382995 0.0025480706478986192 1.509866668622013e-06 0.9999967536615775 5.8048928406099325
0.9999960733830784 0.0011664279904940614 -0.0025480706756517775 5.099665598005405 -0.0011664280511210414 0.9999993197215002 1.4622801855112856e-06 -2.6740385377249165 0.0025480706478986192 1.509866668622013e-06 0.9999967536615775 5.841483498609472
0.9999960733830784 0.0011664279904940614 -0.0025480706756517775 5.096031146062081 -0.0011664280511210414 0.9999993197215002 1.4622801855112856e-06 -2.690788581511533 0.0025480706478986192 1.509866668622013e-06 0.9999967536615775 5.87807415660901
0.9999960733830784 0.0011664279904940614 -0.0025480706756517775 5.092396648351759 -0.0011664280511210414 0.9999993197215002 1.4622801855112856e-06 -2.7075386411919506 0.0025480706478986192 1.509866668622013e-06 0.9999967536615775 5.914664849328612
0.9999960733830784 0.0011664279904940614 -0.0025480706756517775 5.088762394915507 -0.0011664280511210414 0.9999993197215002 1.4622801855112856e-06 -2.7242887452829896 0.0025480706478986192 1.509866668622013e-06 0.9999967536615775 5.951255639064447
0.9999960733830784 0.0011664279904940614 -0.0025480706756517775 5.0851278972051865 -0.0011664280511210414 0.9999993197215002 1.4622801855112856e-06 -2.741038804963407 0.0025480706478986192 1.509866668622013e-06 0.9999967536615775 5.9878463317840485
0.9999960733830784 0.0011664279904940614 -0.0025480706756517775 5.0814934910288585 -0.0011664280511210414 0.9999993197215002 1.4622801855112856e-06 -2.7577888328562237 0.0025480706478986192 1.509866668622013e-06 0.9999967536615775 6.024436955063525
0.9999960733830784 0.0011664279904940614 -0.0025480706756517775 5.077858993318538 -0.0011664280511210414 0.9999993197215002 1.4622801855112856e-06 -2.774538892536641 0.0025480706478986192 1.509866668622013e-06 0.9999967536615775 6.061027647783126
0.9999960733830784 0.0011664279904940614 -0.0025480706756517775 5.074224739882286 -0.0011664280511210414 0.9999993197215002 1.4622801855112856e-06 -2.79128899662768 0.0025480706478986192 1.509866668622013e-06 0.9999967536615775 6.09761843751896
0.9999960733830784 0.0011664279904940614 -0.0025480706756517775 5.070590242171965 -0.0011664280511210414 0.9999993197215002 1.4622801855112856e-06 -2.8080390563080977 0.0025480706478986192 1.509866668622013e-06 0.9999967536615775 6.134209130238562
0.9999960733830784 0.0011664279904940614 -0.0025480706756517775 5.066955835995637 -0.0011664280511210414 0.9999993197215002 1.4622801855112856e-06 -2.8247890842009142 0.0025480706478986192 1.509866668622013e-06 0.9999967536615775 6.170799753518039
0.9999960733830784 0.0011664279904940614 -0.0025480706756517775 5.063321338285316 -0.0011664280511210414 0.9999993197215002 1.4622801855112856e-06 -2.8415391438813313 0.0025480706478986192 1.509866668622013e-06 0.9999967536615775 6.207390446237641
0.9999960733830784 0.0011664279904940614 -0.0025480706756517775 5.059687039082068 -0.0011664280511210414 0.9999993197215002 1.4622801855112856e-06 -2.858289263866171 0.0025480706478986192 1.509866668622013e-06 0.9999967536615775 6.243981270693538
0.9999960733830784 0.0011664279904940614 -0.0025480706756517775 5.056052587138743 -0.0011664280511210414 0.9999993197215002 1.4622801855112856e-06 -2.8750393076527883 0.0025480706478986192 1.509866668622013e-06 0.9999967536615775 6.280571928693076
0.9999960733830784 0.0011664279904940614 -0.0025480706756517775 5.052418135195419 -0.0011664280511210414 0.9999993197215002 1.4622801855112856e-06 -2.891789351439405 0.0025480706478986192 1.509866668622013e-06 0.9999967536615775 6.317162586692616
0.9999960733830784 0.0011664279904940614 -0.0025480706756517775 5.048783683252095 -0.0011664280511210414 0.9999993197215002 1.4622801855112856e-06 -2.908539395226022 0.0025480706478986192 1.509866668622013e-06 0.9999967536615775 6.353753244692154
0.9999960733830784 0.0011664279904940614 -0.0025480706756517775 5.045149384048846 -0.0011664280511210414 0.9999993197215002 1.4622801855112856e-06 -2.925289515210862 0.0025480706478986192 1.509866668622013e-06 0.9999967536615775 6.3903440691480515
0.9999960733830784 0.0011664279904940614 -0.0025480706756517775 5.041514932105522 -0.0011664280511210414 0.9999993197215002 1.4622801855112856e-06 -2.9420395589974784 0.0025480706478986192 1.509866668622013e-06 0.9999967536615775 6.426934727147591
0.9999960733830784 0.0011664279904940614 -0.0025480706756517775 5.0378804801621975 -0.0011664280511210414 0.9999993197215002 1.4622801855112856e-06 -2.9587896027840954 0.0025480706478986192 1.509866668622013e-06 0.9999967536615775 6.463525385147129
0.9999960733830784 0.0011664279904940614 -0.0025480706756517775 5.034246180958949 -0.0011664280511210414 0.9999993197215002 1.4622801855112856e-06 -2.975539722768935 0.0025480706478986192 1.509866668622013e-06 0.9999967536615775 6.500116209603027
0.9999960733830784 0.0011664279904940614 -0.0025480706756517775 5.030611729015625 -0.0011664280511210414 0.9999993197215002 1.4622801855112856e-06 -2.992289766555552 0.0025480706478986192 1.509866668622013e-06 0.9999967536615775 6.536706867602566
0.9999960733830784 0.0011664279904940614 -0.0025480706756517775 5.026977277072301 -0.0011664280511210414 0.9999993197215002 1.4622801855112856e-06 -3.009039810342169 0.0025480706478986192 1.509866668622013e-06 0.9999967536615775 6.573297525602104
0.9999960733830784 0.0011664279904940614 -0.0025480706756517775 5.023342825128976 -0.0011664280511210414 0.9999993197215002 1.4622801855112856e-06 -3.025789854128786 0.0025480706478986192 1.509866668622013e-06 0.9999967536615775 6.609888183601644
0.9999960733830784 0.0011664279904940614 -0.0025480706756517775 5.019708373185653 -0.0011664280511210414 0.9999993197215002 1.4622801855112856e-06 -3.042539897915403 0.0025480706478986192 1.509866668622013e-06 0.9999967536615775 6.646478841601183
0.9999960733830784 0.0011664279904940614 -0.0025480706756517775 5.016074073982403 -0.0011664280511210414 0.9999993197215002 1.4622801855112856e-06 -3.0592900179002425 0.0025480706478986192 1.509866668622013e-06 0.9999967536615775 6.683069666057079
0.9999960733830784 0.0011664279904940614 -0.0025480706756517775 5.012439622039079 -0.0011664280511210414 0.9999993197215002 1.4622801855112856e-06 -3.0760400616868595 0.0025480706478986192 1.509866668622013e-06 0.9999967536615775 6.719660324056619
0.9999960733830784 0.0011664279904940614 -0.0025480706756517775 5.008805170095755 -0.0011664280511210414 0.9999993197215002 1.4622801855112856e-06 -3.092790105473476 0.0025480706478986192 1.509866668622013e-06 0.9999967536615775 6.756250982056158
0.9999960733830784 0.0011664279904940614 -0.0025480706756517775 5.005170870892506 -0.0011664280511210414 0.9999993197215002 1.4622801855112856e-06 -3.109540225458316 0.0025480706478986192 1.509866668622013e-06 0.9999967536615775 6.792841806512055
0.9999960733830784 0.0011664279904940614 -0.0025480706756517775 5.001536418949182 -0.0011664280511210414 0.9999993197215002 1.4622801855112856e-06 -3.1262902692449326 0.0025480706478986192 1.509866668622013e-06 0.9999967536615775 6.829432464511594
0.9999960733830784 0.0011664279904940614 -0.0025480706756517775 4.997901967005857 -0.0011664280511210414 0.9999993197215002 1.4622801855112856e-06 -3.1430403130315496 0.0025480706478986192 1.509866668622013e-06 0.9999967536615775 6.866023122511133
0.9999960733830784 0.0011664279904940614 -0.0025480706756517775 4.994267622035611 -0.0011664280511210414 0.9999993197215002 1.4622801855112856e-06 -3.15979044891019 0.0025480706478986192 1.509866668622013e-06 0.9999967536615775 6.902613981687093
0.9999960733830784 0.0011664279904940614 -0.0025480706756517775 4.99063306311921 -0.0011664280511210414 0.9999993197215002 1.4622801855112856e-06 -3.1765404006047837 0.0025480706478986192 1.509866668622013e-06 0.9999967536615775 6.939204438510211
0.9999960733830784 0.0011664279904940614 -0.0025480706756517775 4.986998718148963 -0.0011664280511210414 0.9999993197215002 1.4622801855112856e-06 -3.1932905364834236 0.0025480706478986192 1.509866668622013e-06 0.9999967536615775 6.975795297686171
0.9999960733830784 0.0011664279904940614 -0.0025480706756517775 4.983364159232561 -0.0011664280511210414 0.9999993197215002 1.4622801855112856e-06 -3.2100404881780173 0.0025480706478986192 1.509866668622013e-06 0.9999967536615775 7.012385754509289
0.9999960733830784 0.0011664279904940614 -0.0025480706756517775 4.979729814262315 -0.0011664280511210414 0.9999993197215002 1.4622801855112856e-06 -3.2267906240566577 0.0025480706478986192 1.509866668622013e-06 0.9999967536615775 7.048976613685249
0.9999960733830784 0.0011664279904940614 -0.0025480706756517775 4.976095560826064 -0.0011664280511210414 0.9999993197215002 1.4622801855112856e-06 -3.2435407281476967 0.0025480706478986192 1.509866668622013e-06 0.9999967536615775 7.085567403421083
0.9999960733830784 0.0011664279904940614 -0.0025480706756517775 4.972460910375667 -0.0011664280511210414 0.9999993197215002 1.4622801855112856e-06 -3.2602907116298914 0.0025480706478986192 1.509866668622013e-06 0.9999967536615775 7.1221579296843265
0.9999960733830784 0.0011664279904940614 -0.0025480706756517775 4.968826656939415 -0.0011664280511210414 0.9999993197215002 1.4622801855112856e-06 -3.2770408157209308 0.0025480706478986192 1.509866668622013e-06 0.9999967536615775 7.158748719420162
0.9999960733830784 0.0011664279904940614 -0.0025480706756517775 4.965192311969169 -0.0011664280511210414 0.9999993197215002 1.4622801855112856e-06 -3.2937909515995707 0.0025480706478986192 1.509866668622013e-06 0.9999967536615775 7.195339578596121
0.9999960733830784 0.0011664279904940614 -0.0025480706756517775 4.961557753052767 -0.0011664280511210414 0.9999993197215002 1.4622801855112856e-06 -3.3105409032941644 0.0025480706478986192 1.509866668622013e-06 0.9999967536615775 7.231930035419239
0.9999914770188784 -0.0017184729489300751 0.00375402987812394 4.957923408082521 0.0017184730256990478 0.9999985234190032 3.2051635374262033e-06 -3.3272910391728043 -0.003754029842981597 3.2460628633463922e-06 0.9999929535998746 7.268520894595199
0.9997081112593459 -0.010055999945657462 0.02196745655200411 4.954289154646268 0.010055999890665959 0.9999494310525697 0.00011047099591396194 -3.3440411432638437 -0.021967456577177465 0.00011046599001107673 0.999758680206776 7.305111684331034
0.9984234966906815 -0.023362782667672548 0.051036277704940666 4.950654504195873 0.023362780119639024 0.9997268749314877 0.0005966948993876307 -3.3607911267460384 -0.05103627887134919 0.0005965951262412715 0.9986966217591913 7.341702210594277
0.9951055305534178 -0.04113098748078044 0.08985112648629857 4.94702025075962 0.04113097960171812 0.9991520459538754 0.0018524532889510718 -3.3775412308370774 -0.08985113009308225 0.001852278337772261 0.9959534845995347 7.378293000330112
0.9885481501787025 -0.06281152236609724 0.13721249008861697 4.943385905789373 0.06281149939619869 0.9980159967970371 0.0043342451266131085 -3.3942913667157177 -0.13721250060350507 0.004333912236017638 0.9905321533816372 7.414883859506071
0.9774993986418552 -0.08779882926615822 0.1917975266636762 4.939751346872972 0.08779878268126208 0.9961018292416366 0.008515840601728924 -3.4110413184103114 -0.19179754798875845 0.008515360295227762 0.9813975694001603 7.45147431632919
0.9607812076018415 -0.11542376036868551 0.25214445594043805 4.936117001902726 0.11542367317705156 0.9932054456957627 0.01484312334377643 -3.4277914542889514 -0.25214449585399323 0.014842445305057994 0.9675757619059615 7.488065175505149
0.9373983794814463 -0.1449558786894453 0.3166576564350358 4.932482442986324 0.14495574292999744 0.9891544313703301 0.023692688577941524 -3.444541405983545 -0.3166577185813901 0.023691857964491535 0.9482439481109382 7.524655632328267
0.9066328059774224 -0.17561609733739092 0.38363516715948975 4.928848098016077 0.1756158904607612 0.983824374983616 0.03533635812829725 -3.4612915418621855 -0.38363526186102803 0.03533532996989555 0.922808430993529 7.561246491504227
0.8681172075486736 -0.20659975266483063 0.4513192397369338 4.925213539099676 0.20659947021411781 0.9771516480471284 0.04991308071063731 -3.478041493556779 -0.45131936903387937 0.04991191158041892 0.8909655595011793 7.597836948327345
0.8218840626124605 -0.23710760741627024 0.5179638695208084 4.92157919412943 0.237107221724266 0.9691418750521099 0.06741061805591411 -3.494791629435419 -0.5179640460783325 0.0674092614246175 0.8527421875598454 7.634427807503306
0.7683864826863132 -0.2663816619189401 0.5819132438931596 4.917944940693177 0.26638116345775853 0.9598735583419327 0.08765744549601817 -3.5115417335264585 -0.5819134720728222 0.08765593071378563 0.8085129243437317 7.67101859723914
0.7084867769004973 -0.29374385662362024 0.6416860865353299 4.914310290242781 0.2937432189352511 0.9494960879097596 0.1103272422097961 -3.528291717008653 -0.6416863784487731 0.110325544367313 0.758990688989894 7.707609123502383
0.6434196389016574 -0.31863014512680404 0.696050284743949 4.91067603680653 0.3186293632851868 0.9382233740774152 0.13495269240466068 -3.545041821099692 -0.6960506426461635 0.13495084642662425 0.7051962648232054 7.7441999132382175
0.574727520795764 -0.34062012278205395 0.7440875007657992 4.907041691836284 0.3406192091254533 0.9263226461065497 0.16095002232031727 -3.561791956978332 -0.7440879190087053 0.16094808873080282 0.6484048746880271 7.780790772414178
0.50418145292682 -0.3594558429285998 0.7852340794368838 4.903407132919881 0.35945474828714363 0.9141007161800241 0.1876490463951069 -3.578541908672926 -0.7852345805289187 0.1876469495186548 0.5900807367453342 7.817381229237295
0.4336904119446979 -0.37504964169499216 0.819298720157487 4.899772787949635 0.3750483954961341 0.9018883259741077 0.21432719964436808 -3.595292044551566 -0.8192992906276763 0.2143250189223822 0.5318020859689316 7.853972088413256
0.36521325789854303 -0.3874790989640477 0.8464509578948695 4.896138534513383 0.3874777557855586 0.8900248508330292 0.24024311368076945 -3.612042148642605 -0.8464515727591977 0.24024094731259657 0.47518840706379495 7.89056287814909
0.3006805814106097 -0.3969696683903122 0.8671829509052075 4.892503884062987 0.3969681532479052 0.8788447229777061 0.2646662770380595 -3.6287921321248002 -0.8671836444891736 0.26466400448932376 0.4218358584309185 7.9271534044123335
0.24193125339026203 -0.40386603193645315 0.8822479792444529 4.8888696306267345 0.4038643922961893 0.8686665553234294 0.28690062442901176 -3.645542236215839 -0.882248729819571 0.28689831632554236 0.37326469806468776 7.963744194148168
0.19067598718101522 -0.4085943277313657 0.8925767996415203 4.8852352856564885 0.40859255727760097 0.8597867068315684 0.30629877716549364 -3.662292372094479 -0.8925776100989178 0.30629641542381736 0.33088928034710435 8.000335053324129
0.14847922986818696 -0.41161721138513707 0.899180287589354 4.881600726740087 0.41161538076845494 0.8524762391941832 0.32226858352030113 -3.679042323789073 -0.8991811255873813 0.32226624536377496 0.29600299067162344 8.036925510147245
0.11676655339147506 -0.4133837393734635 0.903039011355926 4.87796638176984 0.41338176907481994 0.8469820742995317 0.33427066699283503 -3.695792459667713 -0.9030399132960004 0.3342682303732663 0.2697844790892852 8.073516369323205
0.09684790873215698 -0.4142743577698486 0.9049846623388638 4.8743318228534385 0.41427239770834196 0.8435312406226411 0.3418090498957122 -3.712542411362307 -0.9049855595926319 0.34180667428827005 0.2533166681069433 8.110106826146325
0.0899471568573896 -0.41454379737622704 0.9055732709340364 4.870697477883192 0.41454183529462185 0.8423357082077458 0.34442070418127013 -3.729292547240947 -0.9055741691125243 0.344418342622824 0.24761144864708545 8.146697685322284
0.0899471568573896 -0.41454379737622704 0.9055732709340364 4.931060992110748 0.41454183529462185 0.8423357082077458 0.34442070418127013 -3.7315616109191265 -0.9055741691125243 0.344418342622824 0.24761144864708545 8.151654656064432
0.0899471568573896 -0.41454379737622704 0.9055732709340364 4.991424460571306 0.41454183529462185 0.8423357082077458 0.34442070418127013 -3.733830690491107 -0.9055741691125243 0.344418342622824 0.24761144864708545 8.156611661526643
0.0899471568573896 -0.41454379737622704 0.9055732709340364 5.051787974798862 0.41454183529462185 0.8423357082077458 0.34442070418127013 -3.736099754169287 -0.9055741691125243 0.344418342622824 0.24761144864708545 8.161568632268793
0.0899471568573896 -0.41454379737622704 0.9055732709340364 5.112151443259421 0.41454183529462185 0.8423357082077458 0.34442070418127013 -3.738368833741267 -0.9055741691125243 0.344418342622824 0.24761144864708545 8.166525637731002
0.0899471568573896 -0.41454379737622704 0.9055732709340364 5.172514957486976 0.41454183529462185 0.8423357082077458 0.34442070418127013 -3.740637897419447 -0.9055741691125243 0.344418342622824 0.24761144864708545 8.171482608473152
0.0899471568573896 -0.41454379737622704 0.9055732709340364 5.232878471714532 0.41454183529462185 0.8423357082077458 0.34442070418127013 -3.742906961097627 -0.9055741691125243 0.344418342622824 0.24761144864708545 8.1764395792153
0.0899471568573896 -0.41454379737622704 0.9055732709340364 5.29324194017509 0.41454183529462185 0.8423357082077458 0.34442070418127013 -3.745176040669607 -0.9055741691125243 0.344418342622824 0.24761144864708545 8.181396584677511
0.0899471568573896 -0.41454379737622704 0.9055732709340364 5.353605408635649 0.41454183529462185 0.8423357082077458 0.34442070418127013 -3.7474451202415877 -0.9055741691125243 0.344418342622824 0.24761144864708545 8.186353590139722
0.0899471568573896 -0.41454379737622704 0.9055732709340364 5.413968922863205 0.41454183529462185 0.8423357082077458 0.34442070418127013 -3.7497141839197674 -0.9055741691125243 0.344418342622824 0.24761144864708545 8.19131056088187
0.0899471568573896 -0.41454379737622704 0.9055732709340364 5.474332131610611 0.41454183529462185 0.8423357082077458 0.34442070418127013 -3.751983095201502 -0.9055741691125243 0.344418342622824 0.24761144864708545 8.196267198711302
0.0899471568573896 -0.41454379737622704 0.9055732709340364 5.534695600071169 0.41454183529462185 0.8423357082077458 0.34442070418127013 -3.754252174773482 -0.9055741691125243 0.344418342622824 0.24761144864708545 8.201224204173513
0.0899471568573896 -0.41454379737622704 0.9055732709340364 5.595059114298724 0.41454183529462185 0.8423357082077458 0.34442070418127013 -3.756521238451662 -0.9055741691125243 0.344418342622824 0.24761144864708545 8.206181174915663
0.0899471568573896 -0.41454379737622704 0.9055732709340364 5.655422582759283 0.41454183529462185 0.8423357082077458 0.34442070418127013 -3.7587903180236424 -0.9055741691125243 0.344418342622824 0.24761144864708545 8.211138180377873
0.0899471568573896 -0.41454379737622704 0.9055732709340364 5.7157860969868395 0.41454183529462185 0.8423357082077458 0.34442070418127013 -3.761059381701822 -0.9055741691125243 0.344418342622824 0.24761144864708545 8.216095151120022
0.0899471568573896 -0.41454379737622704 0.9055732709340364 5.7761495654473975 0.41454183529462185 0.8423357082077458 0.34442070418127013 -3.7633284612738027 -0.9055741691125243 0.344418342622824 0.24761144864708545 8.221052156582234
0.0899471568573896 -0.41454379737622704 0.9055732709340364 5.836513079674953 0.41454183529462185 0.8423357082077458 0.34442070418127013 -3.7655975249519824 -0.9055741691125243 0.344418342622824 0.24761144864708545 8.226009127324382
0.0899471568573896 -0.41454379737622704 0.9055732709340364 5.896876548135512 0.41454183529462185 0.8423357082077458 0.34442070418127013 -3.7678666045239626 -0.9055741691125243 0.344418342622824 0.24761144864708545 8.230966132786593
0.0899471568573896 -0.41454379737622704 0.9055732709340364 5.957240062363067 0.41454183529462185 0.8423357082077458 0.34442070418127013 -3.7701356682021427 -0.9055741691125243 0.344418342622824 0.24761144864708545 8.23592310352874
0.0899471568573896 -0.41454379737622704 0.9055732709340364 6.017603530823626 0.41454183529462185 0.8423357082077458 0.34442070418127013 -3.772404747774123 -0.9055741691125243 0.344418342622824 0.24761144864708545 8.240880108990954
0.0899471568573896 -0.41454379737622704 0.9055732709340364 6.077967045051182 0.41454183529462185 0.8423357082077458 0.34442070418127013 -3.7746738114523026 -0.9055741691125243 0.344418342622824 0.24761144864708545 8.2458370797331
0.0899471568573896 -0.41454379737622704 0.9055732709340364 6.13833051351174 0.41454183529462185 0.8423357082077458 0.34442070418127013 -3.776942891024283 -0.9055741691125243 0.344418342622824 0.24761144864708545 8.250794085195313
0.0899471568573896 -0.41454379737622704 0.9055732709340364 6.198694027739295 0.41454183529462185 0.8423357082077458 0.34442070418127013 -3.779211954702463 -0.9055741691125243 0.344418342622824 0.24761144864708545 8.255751055937461
0.0899471568573896 -0.41454379737622704 0.9055732709340364 6.259057496199855 0.41454183529462185 0.8423357082077458 0.34442070418127013 -3.781481034274443 -0.9055741691125243 0.344418342622824 0.24761144864708545 8.260708061399672
0.0899471568573896 -0.41454379737622704 0.9055732709340364 6.3194210561944075 0.41454183529462185 0.8423357082077458 0.34442070418127013 -3.7837500820588224 -0.9055741691125243 0.344418342622824 0.24761144864708545 8.265664997421759
0.0899471568573896 -0.41454379737622704 0.9055732709340364 6.379784173407819 0.41454183529462185 0.8423357082077458 0.34442070418127013 -3.7860190251281582 -0.9055741691125243 0.344418342622824 0.24761144864708545 8.270621704691315
0.0899471568573896 -0.41454379737622704 0.9055732709340364 6.440147687635374 0.41454183529462185 0.8423357082077458 0.34442070418127013 -3.788288088806338 -0.9055741691125243 0.344418342622824 0.24761144864708545 8.275578675433463
0.0899471568573896 -0.41454379737622704 0.9055732709340364 6.50051120186293 0.41454183529462185 0.8423357082077458 0.34442070418127013 -3.7905571524845176 -0.9055741691125243 0.344418342622824 0.24761144864708545 8.280535646175611
0.0899471568573896 -0.41454379737622704 0.9055732709340364 6.560874716090486 0.41454183529462185 0.8423357082077458 0.34442070418127013 -3.7928262161626973 -0.9055741691125243 0.344418342622824 0.24761144864708545 8.285492616917761
0.0899471568573896 -0.41454379737622704 0.9055732709340364 6.621238138784047 0.41454183529462185 0.8423357082077458 0.34442070418127013 -3.7950953116284785 -0.9055741691125243 0.344418342622824 0.24761144864708545 8.290449657100034
0.0899471568573896 -0.41454379737622704 0.9055732709340364 6.681601653011603 0.41454183529462185 0.8423357082077458 0.34442070418127013 -3.797364375306658 -0.9055741691125243 0.344418342622824 0.24761144864708545 8.295406627842183
0.0899471568573896 -0.41454379737622704 0.9055732709340364 6.741965167239158 0.41454183529462185 0.8423357082077458 0.34442070418127013 -3.799633438984838 -0.9055741691125243 0.344418342622824 0.24761144864708545 8.300363598584331
0.0899471568573896 -0.41454379737622704 0.9055732709340364 6.802328681466714 0.41454183529462185 0.8423357082077458 0.34442070418127013 -3.801902502663018 -0.9055741691125243 0.344418342622824 0.24761144864708545 8.30532056932648
0.0899471568573896 -0.41454379737622704 0.9055732709340364 6.862692104160275 0.41454183529462185 0.8423357082077458 0.34442070418127013 -3.8041715981287987 -0.9055741691125243 0.344418342622824 0.24761144864708545 8.310277609508754
0.0899471568573896 -0.41454379737622704 0.9055732709340364 6.923055618387831 0.41454183529462185 0.8423357082077458 0.34442070418127013 -3.8064406618069784 -0.9055741691125243 0.344418342622824 0.24761144864708545 8.315234580250902
0.0899471568573896 -0.41454379737622704 0.9055732709340364 6.983419132615387 0.41454183529462185 0.8423357082077458 0.34442070418127013 -3.808709725485158 -0.9055741691125243 0.344418342622824 0.24761144864708545 8.320191550993052
0.0899471568573896 -0.41454379737622704 0.9055732709340364 7.043782646842942 0.41454183529462185 0.8423357082077458 0.34442070418127013 -3.810978789163338 -0.9055741691125243 0.344418342622824 0.24761144864708545 8.3251485217352
0.0899471568573896 -0.41454379737622704 0.9055732709340364 7.104146161070498 0.41454183529462185 0.8423357082077458 0.34442070418127013 -3.813247852841518 -0.9055741691125243 0.344418342622824 0.24761144864708545 8.330105492477347
0.0899471568573896 -0.41454379737622704 0.9055732709340364 7.164509583764059 0.41454183529462185 0.8423357082077458 0.34442070418127013 -3.8155169483072986 -0.9055741691125243 0.344418342622824 0.24761144864708545 8.335062532659622
0.0899471568573896 -0.41454379737622704 0.9055732709340364 7.224873097991615 0.41454183529462185 0.8423357082077458 0.34442070418127013 -3.8177860119854787 -0.9055741691125243 0.344418342622824 0.24761144864708545 8.34001950340177
0.0899471568573896 -0.41454379737622704 0.9055732709340364 7.285236612219171 0.41454183529462185 0.8423357082077458 0.34442070418127013 -3.8200550756636584 -0.9055741691125243 0.344418342622824 0.24761144864708545 8.34497647414392
0.0899471568573896 -0.41454379737622704 0.9055732709340364 7.345600126446726 0.41454183529462185 0.8423357082077458 0.34442070418127013 -3.822324139341838 -0.9055741691125243 0.344418342622824 0.24761144864708545 8.349933444886068
0.0899471568573896 -0.41454379737622704 0.9055732709340364 7.405963549140288 0.41454183529462185 0.8423357082077458 0.34442070418127013 -3.8245932348076193 -0.9055741691125243 0.344418342622824 0.24761144864708545 8.354890485068342
0.0899471568573896 -0.41454379737622704 0.9055732709340364 7.466327063367843 0.41454183529462185 0.8423357082077458 0.34442070418127013 -3.826862298485799 -0.9055741691125243 0.344418342622824 0.24761144864708545 8.35984745581049
0.0899471568573896 -0.41454379737622704 0.9055732709340364 7.526690577595399 0.41454183529462185 0.8423357082077458 0.34442070418127013 -3.8291313621639786 -0.9055741691125243 0.344418342622824 0.24761144864708545 8.364804426552638
0.0899471568573896 -0.41454379737622704 0.9055732709340364 7.587054091822955 0.41454183529462185 0.8423357082077458 0.34442070418127013 -3.8314004258421583 -0.9055741691125243 0.344418342622824 0.24761144864708545 8.369761397294788
0.0899471568573896 -0.41454379737622704 0.9055732709340364 7.647417209036367 0.41454183529462185 0.8423357082077458 0.34442070418127013 -3.8336693689114942 -0.9055741691125243 0.344418342622824 0.24761144864708545 8.374718104564344
0.0899471568573896 -0.41454379737622704 0.9055732709340364 7.707781120278066 0.41454183529462185 0.8423357082077458 0.34442070418127013 -3.835938553198518 -0.9055741691125243 0.344418342622824 0.24761144864708545 8.379675338779084
0.0899471568573896 -0.41454379737622704 0.9055732709340364 7.768144634505622 0.41454183529462185 0.8423357082077458 0.34442070418127013 -3.838207616876698 -0.9055741691125243 0.344418342622824 0.24761144864708545 8.384632309521233
0.0899471568573896 -0.41454379737622704 0.9055732709340364 7.828507660185039 0.41454183529462185 0.8423357082077458 0.34442070418127013 -3.8404765917336348 -0.9055741691125243 0.344418342622824 0.24761144864708545 8.389589086230915
0.0899471568573896 -0.41454379737622704 0.9055732709340364 7.8888711744125946 0.41454183529462185 0.8423357082077458 0.34442070418127013 -3.8427456554118145 -0.9055741691125243 0.344418342622824 0.24761144864708545 8.394546056973063
0.0899471568573896 -0.41454379737622704 0.9055732709340364 7.949234688640151 0.41454183529462185 0.8423357082077458 0.34442070418127013 -3.845014719089994 -0.9055741691125243 0.344418342622824 0.24761144864708545 8.399503027715213
0.0899471568573896 -0.41454379737622704 0.9055732709340364 8.009598202867707 0.41454183529462185 0.8423357082077458 0.34442070418127013 -3.8472837827681743 -0.9055741691125243 0.344418342622824 0.24761144864708545 8.40445999845736
0.0899471568573896 -0.41454379737622704 0.9055732709340364 8.06996171709526 0.41454183529462185 0.8423357082077458 0.34442070418127013 -3.849552846446354 -0.9055741691125243 0.344418342622824 0.24761144864708545 8.409416969199508
0.0899471568573896 -0.41454379737622704 0.9055732709340364 8.130325231322818 0.41454183529462185 0.8423357082077458 0.34442070418127013 -3.8518219101245337 -0.9055741691125243 0.344418342622824 0.24761144864708545 8.414373939941658
0.0899471568573896 -0.41454379737622704 0.9055732709340364 8.190688745550373 0.41454183529462185 0.8423357082077458 0.34442070418127013 -3.8540909738027134 -0.9055741691125243 0.344418342622824 0.24761144864708545 8.419330910683806
0.0899471568573896 -0.41454379737622704 0.9055732709340364 8.251052259777929 0.41454183529462185 0.8423357082077458 0.34442070418127013 -3.8563600374808935 -0.9055741691125243 0.344418342622824 0.24761144864708545 8.424287881425954
0.0899471568573896 -0.41454379737622704 0.9055732709340364 8.311415285457347 0.41454183529462185 0.8423357082077458 0.34442070418127013 -3.85862901233783 -0.9055741691125243 0.344418342622824 0.24761144864708545 8.429244658135637
0.0899471568573896 -0.41454379737622704 0.9055732709340364 8.371778799684902 0.41454183529462185 0.8423357082077458 0.34442070418127013 -3.8608980760160097 -0.9055741691125243 0.344418342622824 0.24761144864708545 8.434201628877785
0.0899471568573896 -0.41454379737622704 0.9055732709340364 8.432142313912458 0.41454183529462185 0.8423357082077458 0.34442070418127013 -3.86316713969419 -0.9055741691125243 0.344418342622824 0.24761144864708545 8.439158599619933
0.0899471568573896 -0.41454379737622704 0.9055732709340364 8.492505828140013 0.41454183529462185 0.8423357082077458 0.34442070418127013 -3.8654362033723695 -0.9055741691125243 0.344418342622824 0.24761144864708545 8.444115570362083
0.0899471568573896 -0.41454379737622704 0.9055732709340364 8.552869342367568 0.41454183529462185 0.8423357082077458 0.34442070418127013 -3.867705267050549 -0.9055741691125243 0.344418342622824 0.24761144864708545 8.449072541104231
0.0899471568573896 -0.41454379737622704 0.9055732709340364 8.613232856595125 0.41454183529462185 0.8423357082077458 0.34442070418127013 -3.869974330728729 -0.9055741691125243 0.344418342622824 0.24761144864708545 8.454029511846379
0.0899471568573896 -0.41454379737622704 0.9055732709340364 8.673596370822679 0.41454183529462185 0.8423357082077458 0.34442070418127013 -3.872243394406909 -0.9055741691125243 0.344418342622824 0.24761144864708545 8.458986482588529
0.0899471568573896 -0.41454379737622704 0.9055732709340364 8.733959885050236 0.41454183529462185 0.8423357082077458 0.34442070418127013 -3.8745124580850887 -0.9055741691125243 0.344418342622824 0.24761144864708545 8.463943453330677
0.0899471568573896 -0.41454379737622704 0.9055732709340364 8.79432339927779 0.41454183529462185 0.8423357082077458 0.34442070418127013 -3.8767815217632684 -0.9055741691125243 0.344418342622824 0.24761144864708545 8.468900424072825
0.0899471568573896 -0.41454379737622704 0.9055732709340364 8.854686730437358 0.41454183529462185 0.8423357082077458 0.34442070418127013 -3.87905064901665 -0.9055741691125243 0.344418342622824 0.24761144864708545 8.473857533695224
0.0899471568573896 -0.41454379737622704 0.9055732709340364 8.915050244664915 0.41454183529462185 0.8423357082077458 0.34442070418127013 -3.8813197126948302 -0.9055741691125243 0.344418342622824 0.24761144864708545 8.478814504437374
0.0899471568573896 -0.41454379737622704 0.9055732709340364 8.975413758892469 0.41454183529462185 0.8423357082077458 0.34442070418127013 -3.88358877637301 -0.9055741691125243 0.344418342622824 0.24761144864708545 8.483771475179521
0.0899471568573896 -0.41454379737622704 0.9055732709340364 9.035777273120026 0.41454183529462185 0.8423357082077458 0.34442070418127013 -3.8858578400511896 -0.9055741691125243 0.344418342622824 0.24761144864708545 8.48872844592167
0.0899471568573896 -0.41454379737622704 0.9055732709340364 9.096140787347581 0.41454183529462185 0.8423357082077458 0.34442070418127013 -3.8881269037293693 -0.9055741691125243 0.344418342622824 0.24761144864708545 8.49368541666382
