1.0 -7.144139824899842e-16 1.5592514937953194e-15 0.0 7.144140030276786e-16 0.9999999999999999 -1.317150857301615e-08 -5.551115123125783e-17 -1.5592514843854095e-15 1.317150857301615e-08 0.9999999999999999 -4.440892098500626e-16
1.0 -1.0385673623730173e-09 -4.754211902674721e-10 9.116440935486025e-11 1.0385673561110032e-09 0.9999999999999999 -1.317150807390962e-08 -0.0006168521368181135 4.754212039469705e-10 1.3171508073415863e-08 0.9999999999999999 0.00129024029048308
1.0 -4.101031332954733e-09 -1.877319704973257e-09 3.6137937087232785e-10 4.101031308227604e-09 0.9999999999999999 -1.3171506693336242e-08 -0.002446247450400507 1.8773197589900187e-09 1.3171506685637294e-08 0.9999999999999999 0.005117025715406065
1.0 -9.107383609983168e-09 -4.169068404281875e-09 8.064584555711463e-10 9.107383555070266e-09 0.9999999999999999 -1.31715043921386e-08 -0.005457110302458934 4.1690685242398184e-09 1.3171504354169295e-08 0.9999999999999999 0.011414475992969297
0.9999999999999999 -1.597751180646045e-08 -7.313994387737809e-09 1.4211951615550333e-09 1.5977511710124162e-08 0.9999999999999998 -1.317150130689359e-08 -0.009617457454119516 7.313994598185626e-09 1.3171501190034156e-08 0.9999999999999999 0.020116732994267306
0.9999999999999996 -2.463151027703259e-08 -1.1275519394628663e-08 2.2011068523397626e-09 2.463151012851711e-08 0.9999999999999996 -1.3171497470964949e-08 -0.01489589724580287 1.1275519719062535e-08 1.3171497193231873e-08 0.9999999999999998 0.03115779889014325
0.9999999999999992 -3.498937000552367e-08 -1.60170178443705e-08 3.141729543187921e-09 3.498936979455563e-08 0.9999999999999992 -1.317149297969896e-08 -0.02126123649186229 1.6017018305232733e-08 1.3171492419273592e-08 0.9999999999999998 0.04447210942008706
0.9999999999999987 -4.697108197575779e-08 -2.15018641563794e-08 4.238271955614437e-09 4.697108169254625e-08 0.9999999999999988 -1.3171487933636288e-08 -0.028681668274461614 2.1501864775058416e-08 1.3171486923670452e-08 0.9999999999999997 0.05999333242325822
0.9999999999999979 -6.049653380073712e-08 -2.7693385430199887e-08 5.486122223175016e-09 6.04965334359742e-08 0.9999999999999981 -1.3171482381776305e-08 -0.03712584139730857 2.7693386227028864e-08 1.3171480706422457e-08 0.9999999999999996 0.07765584486546873
0.9999999999999966 -7.548581983510773e-08 -3.4555003405119585e-08 6.880648495410924e-09 7.548581937996736e-08 0.999999999999997 -1.3171476375942395e-08 -0.04656220619017848 3.455500439937918e-08 1.3171473767529606e-08 0.9999999999999993 0.09739359014388072
0.9999999999999949 -9.185892546156229e-08 -4.205010473629106e-08 8.417095465063085e-09 9.185893050883221e-08 0.9999999999999886 1.2002991493020317e-07 -0.05695930306461683 4.205009371047158e-08 -1.2002991879288022e-07 0.9999999999999919 0.11914099484279017
0.9999999999999928 -1.0953574841751503e-07 -5.014199440636326e-08 1.0090687396768772e-08 1.0953575443605403e-07 0.9999999999999868 1.2002992140516725e-07 -0.0682854739582367 5.0141981258795324e-08 -1.2002992689750755e-07 0.9999999999999916 0.14283205197784188
0.99999999999999 -1.2843637845970926e-07 -5.87941041987957e-08 1.1897078433520392e-08 1.2843638551676063e-07 0.9999999999999846 1.2002992806145648e-07 -0.08050938598513824 5.8794088782585524e-08 -1.200299356127575e-07 0.999999999999991 0.16840060570923354
0.9999999999999867 -1.484809099476632e-07 -6.796985584223245e-08 1.3831370271333299e-08 1.4848091810607982e-07 0.9999999999999818 1.2002993473538275e-07 -0.09359947116470435 6.796983802007728e-08 -1.2002994482760773e-07 0.9999999999999905 0.19578113223974203
0.9999999999999826 -1.695890237576327e-07 -7.763248178577627e-08 1.5889074056474328e-08 1.6958903307585425e-07 0.9999999999999784 1.20029941431954e-07 -0.10752428821887272 7.7632461430014e-08 -1.2002995459756942e-07 0.9999999999999898 0.22490752534804814
0.9999999999999778 -1.9168102099076719e-07 -8.774549839784186e-08 1.806557259342867e-08 1.9168103152285416e-07 0.9999999999999745 1.2002994793696415e-07 -0.12225243633286831 8.774547539037664e-08 -1.200299647561091e-07 0.9999999999999889 0.2557140536078002
0.9999999999999721 -2.1467677617495425e-07 -9.82722613625476e-08 2.0355941821037504e-08 2.146768010605649e-07 0.9999999999999448 2.5323134043683505e-07 -0.13775209943365863 9.827220699965439e-08 -2.532313615336027e-07 0.9999999999999631 0.2881346512609664
0.9999999999999656 -2.384962016556811e-07 -1.0917604375105744e-07 2.2755707984600804e-08 2.3849622930247145e-07 0.9999999999999395 2.532313464312329e-07 -0.15399198509863044 1.0917598335633657e-07 -2.532313724692989e-07 0.9999999999999619 0.3221035372627119
0.9999999999999581 -2.6305943179491927e-07 -1.204203164734982e-07 2.5260249447711658e-08 2.6305946228911234e-07 0.9999999999999333 2.532313521158801e-07 -0.1709406428945257 1.204202498585946e-07 -2.5323138379357324e-07 0.9999999999999607 0.3575548717945245
0.9999999999999498 -2.882863717938126e-07 -1.3196836820792916e-07 2.786493835671422e-08 2.882863876339725e-07 0.9999999999999513 1.2002997123136985e-07 -0.18856657276960265 1.3196833360491782e-07 -1.20030009276048e-07 0.9999999999999841 0.39442270664572954
0.9999999999999404 -3.1409708243382533e-07 -1.4378369403461454e-07 3.056500474940549e-08 3.140970996921797e-07 0.9999999999999435 1.20029975993399e-07 -0.20683816627995744 1.4378365633354115e-07 -1.200300211554331e-07 0.9999999999999825 0.43264114322413505
0.99999999999993 -3.4041139493087083e-07 -1.5582960768587404e-07 3.3355682660385355e-08 3.404114343918085e-07 0.99999999999991 2.5323136638556784e-07 -0.22572386460016947 1.5582952148301736e-07 -2.532314194317304e-07 0.9999999999999558 0.4721443913297112
0.9999999999999185 -3.6714944352753735e-07 -1.6806944376535487e-07 3.623263733487647e-08 3.671494860879863e-07 0.9999999999999005 2.532313700486159e-07 -0.24519243408130487 1.6806935079158156e-07 -2.532314317552052e-07 0.9999999999999538 0.5128665119069793
0.999999999999906 -3.942312517506208e-07 -1.8046664216927315e-07 3.919094915261212e-08 3.9423129745043015e-07 0.9999999999998902 2.532313730996387e-07 -0.2652121082688145 1.8046654233753215e-07 -2.532314442452134e-07 0.9999999999999516 0.5547415475900681
0.9999999999998925 -4.2157670722289287e-07 -1.9298452997583126e-07 4.222614480298148e-08 4.2157675609262515e-07 0.9999999999998791 2.53231375488479e-07 -0.28575159474008516 1.9298442321935848e-07 -2.5323145684624387e-07 0.9999999999999493 0.5977037173341444
0.9999999999998781 -4.491058308099188e-07 -2.0558655289471634e-07 4.533345387969234e-08 4.4910590468428827e-07 0.9999999999998346 3.593347320708642e-07 -0.306779285051213 2.0558639151535895e-07 -3.593348244009552e-07 0.9999999999999143 0.641687122547016
0.9999999999998626 -4.7673860410457065e-07 -2.1823596929273722e-07 4.850824897317807e-08 4.7673868252431504e-07 0.9999999999998217 3.5933473307152933e-07 -0.32826367915045673 2.182357979839593e-07 -3.593348371130085e-07 0.9999999999999116 0.6866258150180082
0.9999999999998461 -5.043951254976745e-07 -2.3089619209210407e-07 5.1745902673872024e-08 5.043951839678329e-07 0.9999999999998407 2.532313785195136e-07 -0.3501732769860747 2.3089606436339437e-07 -2.5323149498240196e-07 0.9999999999999413 0.7324538465364459
0.9999999999998288 -5.319951574339014e-07 -2.435306852566051e-07 5.504180400350833e-08 5.319952449429166e-07 0.9999999999997938 3.5933473303552074e-07 -0.3724767273617746 2.4353049409221706e-07 -3.5933486259262584e-07 0.9999999999999057 0.7791055940681413
0.9999999999998107 -5.594589711489165e-07 -2.561027572616311e-07 5.839101735460872e-08 5.594590631755144e-07 0.9999999999997788 3.593347319702272e-07 -0.39514211496755813 2.56102556228535e-07 -3.593348752491679e-07 0.9999999999999026 0.826514775070736
0.9999999999997918 -5.8670642977052e-07 -2.6857578869489795e-07 6.178923905864053e-08 5.867065262791119e-07 0.9999999999997633 3.593347302195941e-07 -0.41813850386538987 2.6857557787083773e-07 -3.5933488779468734e-07 0.9999999999998993 0.8746161008417253
0.9999999999997723 -6.136575759815805e-07 -2.809131776059724e-07 6.523167517258344e-08 6.136576769234254e-07 0.9999999999997471 3.5933472778922726e-07 -0.44143406232819193 2.809129570974233e-07 -3.5933490017367343e-07 0.999999999999896 0.9233431850241867
0.9999999999997521 -6.402321940379573e-07 -2.9307820374464654e-07 6.871370050731684e-08 6.402322993511191e-07 0.9999999999997304 3.5933472480359393e-07 -0.46499731511346476 2.9307797368690834e-07 -3.593349124416371e-07 0.9999999999998924 0.9726301336035266
0.9999999999997314 -6.663505333641274e-07 -3.0503435980030755e-07 7.223070186412883e-08 6.66350642973552e-07 0.9999999999997133 3.593347212278109e-07 -0.4887968862156742 3.05034120357337e-07 -3.593349244875562e-07 0.9999999999998889 1.0224112693494756
0.9999999999997105 -6.919324910812765e-07 -3.1674508866898477e-07 7.577776672818004e-08 6.919326470896203e-07 0.9999999999996393 4.925361072318762e-07 -0.5128010836079958 3.167447478671349e-07 -4.925363263980012e-07 0.9999999999998285 1.072620797484406
0.9999999999996891 -7.168980297033048e-07 -3.2817341726130767e-07 7.93504018048452e-08 7.168981476273976e-07 0.9999999999996784 3.593347124799237e-07 -0.5369784163938842 3.281731596548548e-07 -3.59334947746727e-07 0.9999999999998815 1.1231925033948353
0.9999999999996678 -7.411670718328643e-07 -3.3928314251040323e-07 8.294414310938691e-08 7.411672389420121e-07 0.999999999999604 4.925360975811634e-07 -0.5612976913876926 3.392827774587317e-07 -4.925363490465497e-07 0.9999999999998211 1.174060822820255
0.9999999999996464 -7.64659894667983e-07 -3.500374232996783e-07 8.655421579462086e-08 7.646600670740017e-07 0.9999999999995863 4.925360922117582e-07 -0.5857272505270337 3.500370466769371e-07 -4.925363598712236e-07 0.9999999999998174 1.2251597487763102
0.9999999999996252 -7.872960320146528e-07 -3.6039954022020326e-07 9.017584856607641e-08 7.872962095243876e-07 0.9999999999995688 4.925360865663122e-07 -0.6102354853680041 3.6039915244834123e-07 -4.925363703073195e-07 0.9999999999998137 1.2764233826708096
0.9999999999996042 -8.089959400438105e-07 -3.703330805905901e-07 9.380441401418693e-08 8.08996122446172e-07 0.9999999999995515 4.925360807014946e-07 -0.6347908958588622 3.703326821307344e-07 -4.925363802993259e-07 0.99999999999981 1.3277857762930778
0.9999958060455736 0.0012046508715164396 -0.002633763000212024 9.743542905837899e-08 -0.0012046496084082304 0.9999992744072631 2.065967151695944e-06 -0.6593620903400288 0.00263376357794185 1.106803079721637e-06 0.9999965316380804 1.379180931813957
0.9999351539863989 0.004739206240807327 -0.010355083119108113 1.0106400516463054e-07 -0.004739201293462458 0.9999887696095896 2.5015976898002027e-05 -0.6839176000678528 0.01035508538335579 2.4060468600364573e-05 0.9999463843765811 1.43054354222055
0.9996829529651426 0.010479493581713278 -0.02289484145311901 1.046856379360861e-07 -0.010479482596295185 0.9999450814587008 0.0001204618868697379 -0.7084258349088233 0.02289484648139342 0.00011950239776720574 0.9997378715062115 1.4818071761150493
0.9990329358882943 0.018299971851105434 -0.039978794887586516 1.0829555918689948e-07 -0.01829995372580455 0.9998324746770041 0.0003664353850835019 -0.7328552112282776 0.03997880318429226 0.0003655290778829362 0.999200461211085 1.5329059891013441
0.9977230617889259 0.02807133983682326 -0.06132448005728848 1.1188929294192462e-07 -0.02807131246788483 0.9996055512562162 0.0008621566484902529 -0.7571744117943613 0.06132449258543903 0.0008612650705453426 0.9981175105325109 1.5837741459385202
0.995450396897265 0.03965801807775245 -0.08663572542099628 1.154620816734564e-07 -0.03965798095233914 0.9992118286036256 0.0017222442865392049 -0.7813519522093781 0.08663574241536517 0.001721389189948456 0.9962385682934561 1.6343460190147912
0.9918854347125169 0.05291649641142213 -0.11559900005061095 1.1900927932018135e-07 -0.05291643751306022 0.9985942201156626 0.003071513066569788 -0.805356158756896 0.11559902701185505 0.0030704981894906502 0.9932912145965959 1.684555280746914
0.9866859375952927 0.06769361999849445 -0.1478797970082382 1.225261527793009e-07 -0.06769355098044823 0.9976934343622615 0.005039264439698778 -0.8291557703223924 0.14787982860199614 0.005038337219280703 0.9889925032328147 1.734336791287833
0.9795104649696063 0.08382506546425718 -0.1831191071814702 1.2600817589358826e-07 -0.08382498214584351 0.9964503170150059 0.007754875172645337 -0.8527189982984236 0.18311914532149495 0.0077539745039104544 0.9830601479543956 1.7836236856710916
0.9700312286389302 0.10113483341313866 -0.22093248049063346 1.294506142279772e-07 -0.10113474053067205 0.9948080796957258 0.01134234675435426 -0.8760145815704672 0.22093252300881616 0.011341518531442937 0.9752231489430303 1.8323508240496342
0.957946191859932 0.11943548713556389 -0.2609104404077094 1.3284882038888668e-07 -0.11943538260778308 0.992714394725225 0.015916026095179808 -0.8990108216128498 0.26091048825677127 0.01591524168903916 0.9652317971345499 1.8804518246441364
0.9429905142896334 0.13852868067875668 -0.3026197194321213 1.3619818783894289e-07 -0.138528570855282 0.9901233793907429 0.021576112732554317 -0.9216764168477616 0.3026197697054273 0.02157540760351567 0.9528671348987624 1.9278611728125727
0.9249466836211964 0.15820691198065165 -0.34560701014258494 1.394940940535605e-07 -0.15820679709821367 0.9869973495700779 0.02840495191979873 -0.9439799168419447 0.3456070627317606 0.028404312052710847 0.9379493340510122 1.9745130287364305
0.9036531531247741 0.17825598752361962 -0.3894043936059697 1.4273160431343968e-07 -0.17825586393535434 0.9833083169559483 0.036463691227313404 -0.9658894062854004 0.3894044501804187 0.036463087050324965 0.92034483616873 2.0203411098733515
0.8790120611572926 0.19845748643295352 -0.43353479954753593 1.459063945219441e-07 -0.19845737809106517 0.979039329638029 0.04578930118640012 -0.9873737507661611 0.43353484914275126 0.04578883161462985 0.899972731519205 2.0652796939521814
0.8509942807330821 0.21859280364371433 -0.4775205967859029 1.4901370848363626e-07 -0.21859270202266728 0.9741853380701385 0.05639288706565287 -1.008401490695772 0.47752064330457356 0.05639249315600994 0.8768089426629018 2.1092632075572153
0.8196426784338887 0.23844700757189713 -0.5208924114149951 1.5204890413400562e-07 -0.23844695958693232 0.968753775314248 0.06825811510831019 -1.0289409771670426 0.5208924333808936 0.068257947481587 0.8508889031196329 2.1522253773012916
0.7850736804231445 0.25781306558537237 -0.5631977801095552 1.550072212808118e-07 -0.25781304302883423 0.9627648025400258 0.08134107101752244 -1.0489607009730353 0.5631977904351817 0.08134099952384194 0.8223088778831172 2.1941005213765425
0.7474755980607487 0.27649634239563703 -0.6040115917311195 1.5788415019812874e-07 -0.2764963440593468 0.9562510469942954 0.09557042871165182 -1.0684290223617554 0.6040115909695288 0.09557043352495727 0.7912245510664532 2.234822099992999
0.7071064544667469 0.2943184884377957 -0.6429440795397041 1.606749764349047e-07 -0.2943184522500651 0.9492571996556288 0.11084862456106385 -1.0873148786926128 0.6429440961052465 0.11084852847757903 0.7578492548111153 2.2743254068722543
0.6642889845905101 0.31112118231652425 -0.6796497295413846 1.6337491537399274e-07 -0.3111211748703759 0.9418391945956467 0.12705331979409554 -1.1055865126662545 0.6796497329499851 0.1270533015603757 0.7224497899948634 2.31254421824563
0.6194020897131927 0.3267706536380985 -0.7138361094676143 1.65979599398014e-07 -0.3267706618899106 0.9340626621060916 0.14404123641274125 -1.1232123929228484 0.7138361056902065 0.14404125513272706 0.6853394276071011 2.3494119447046726
0.5728747509685173 0.3411593260267313 -0.7452682966340013 1.6848415107517667e-07 -0.34115936640594885 0.9260019277192325 0.16164998166952207 -1.1401611499557096 0.7452682781497216 0.16165006688910377 0.6468728232492824 2.38486349602081
0.5251745948080222 0.3542088208247941 -0.7737750036141892 1.7088390658059893e-07 -0.35420888336781886 0.9177380010587053 0.17970261087723444 -1.1564009363837155 0.7737749749840405 0.17970273415471671 0.607436593749312 2.418832165238231
0.4767989551133901 0.36587070725525406 -0.7992505126525221 1.731742864663488e-07 -0.3658708116502556 0.9093570508300721 0.19801086659074205 -1.171900698721472 0.7992504648639015 0.19801105948449846 0.5674419042833053 2.451252979675721
0.42826450838195607 0.376127050809796 -0.8216556167333651 1.7535075835795055e-07 -0.3761272052295414 0.9009485878826373 0.2163792214573667 -1.186628598743052 0.8216555460450419 0.2163794898815663 0.5273159204992935 2.4820589659746624
0.3800967329383644 0.38498996523442836 -0.8410167657534393 1.774084674721621e-07 -0.38499017243730405 0.8926036490306686 0.23460880815483 -1.2005534654157035 0.8410166709027096 0.23460914817186596 0.48749308390765383 2.5111854674751304
0.3328195369568511 0.3925003547810718 -0.8574232486447751 1.793429027507898e-07 -0.39250059161340023 0.8844129927658178 0.2525013738777286 -1.213643658987432 0.857423140230632 0.25250174202120346 0.4484065441909826 2.538565944387156
0.2869474083269474 0.39872534196951204 -0.8710219782105064 1.8114915567579715e-07 -0.398725691744728 0.8764657850317832 0.26986209517327236 -1.2258675122406542 0.8710218180947802 0.26986261197119504 0.4104816232950605 2.564134656129193
0.24297988595274475 0.4037554928329524 -0.8820103610670404 1.8282274760750283e-07 -0.4037558733029337 0.8688485200347495 0.286502083773942 -1.237193683134274 0.8820101869002288 0.28650261995424264 0.37413136591787954 2.5878257132642446
0.2013926479434666 0.4077010192335718 -0.8906294854035689 1.8435917903403265e-07 -0.40770147214777314 0.861643646627633 0.30224118818383033 -1.2475906311532632 0.8906292780741365 0.3022417991313274 0.33974900131567837 2.609572792786667
0.16263681777817146 0.41068773119792457 -0.8971537510073126 1.8575370530626856e-07 -0.4106881336492412 0.8549292648750311 0.3169088337991574 -1.2570269959461333 0.8971535667781145 0.3169093553427229 0.30770755290302343 2.629310538065079
0.12713475094857504 0.4128519237761841 -0.9018813913899919 1.8700141746208487e-07 -0.41285233984777175 0.8487786108996049 0.3303449941524122 -1.265471110295301 0.9018812009258558 0.33034551414184676 0.27835614004885023 2.646973208517935
0.09528080275367828 0.414335872881959 -0.9051228386632169 1.8809810331532617e-07 -0.414336225678208 0.8432599555278717 0.3424005541670002 -1.2728916504700625 0.9051226771644558 0.3424009810825268 0.2520208472257233 2.662494381902623
0.06744359251009234 0.4152818299243533 -0.9071892655692159 1.8903858789443007e-07 -0.4152822021580902 0.8384372213600729 0.3529358559408884 -1.2792569309424426 0.9071890951725885 0.3529362939294865 0.22900637114992972 2.6758088504432123
0.043967807439162274 0.4158270316356115 -0.9083802682082591 1.898186581250627e-07 -0.41582743024328483 0.8343700976613626 0.36182051957543043 -1.2845356279817375 0.9083800857384858 0.3618209776805161 0.20959770977769923 2.6868501918970917
0.025179064639588127 0.41609749179220157 -0.9089713372973397 1.9043340548918763e-07 -0.41609800361458604 0.8311150299340122 0.36893123804544103 -1.2886960743703642 0.9089711030015373 0.3689318153019941 0.19406403470541336 2.695552665682715
0.01138801219951469 0.4162024644582701 -0.9092006498881345 1.9087828917463412e-07 -0.41620299062390964 0.8287257626911926 0.37415061251802756 -1.2917063326454297 0.9092004090264465 0.3741511978208326 0.18266224950815288 2.701849081657138
0.002896022628190167 0.4162277114165063 -0.909255797508003 1.911486893213521e-07 -0.41622824500701 0.8272545449005357 0.37736450018489015 -1.293536233299039 0.9092555532474473 0.3773650887275942 0.17564147772748173 2.7056766846008764
-2.8212999358920933e-07 0.4162294573446361 -0.9092596102535899 1.912398377434954e-07 -0.41622999359993784 0.8267527667549217 0.3784606387603308 -1.2941529365804079 0.9092593647731742 0.3784612285316313 0.17324695111491067 2.706966599714873
-2.8212999358920933e-07 0.4162294573446361 -0.9092596102535899 -0.0013943190293261853 -0.41622999359993784 0.8267527667549217 0.3784606387603308 -1.2941529381300265 0.9092593647731742 0.3784612285316313 0.17324695111491067 2.7069665990725458
-2.8212999358920933e-07 0.4162294573446361 -0.9092596102535899 -0.005531119795314288 -0.41622999359993784 0.8267527667549217 0.3784606387603308 -1.2941529427269547 0.9092593647731742 0.3784612285316313 0.17324695111491067 2.7069665971670895
-2.8212999358920933e-07 0.4162294573446361 -0.9092596102535899 -0.012339639158712723 -0.41622999359993784 0.8267527667549217 0.3784606387603308 -1.294152950292771 0.9092593647731742 0.3784612285316313 0.17324695111491067 2.7069665940310097
-2.8212999358920933e-07 0.4162294573446361 -0.9092596102535899 -0.02174990126655496 -0.41622999359993784 0.8267527667549217 0.3784606387603308 -1.2941529607497164 0.9092593647731742 0.3784612285316313 0.17324695111491067 2.7069665896965383
-2.8212999358920933e-07 0.4162294573446361 -0.9092596102535899 -0.03369121501013761 -0.41622999359993784 0.8267527667549217 0.3784606387603308 -1.294152974019237 0.9092593647731742 0.3784612285316313 0.17324695111491067 2.706966584196236
-2.8212999358920933e-07 0.4162294573446361 -0.9092596102535899 -0.04809348532720503 -0.41622999359993784 0.8267527667549217 0.3784606387603308 -1.294152990023441 0.9092593647731742 0.3784612285316313 0.17324695111491067 2.70696657756239
-2.8212999358920933e-07 0.4162294573446361 -0.9092596102535899 -0.06488661715550093 -0.41622999359993784 0.8267527667549217 0.3784606387603308 -1.2941530086844368 0.9092593647731742 0.3784612285316313 0.17324695111491067 2.7069665698272862
-2.8212999358920933e-07 0.4162294573446361 -0.9092596102535899 -0.08399980017703257 -0.41622999359993784 0.8267527667549217 0.3784606387603308 -1.2941530299235382 0.9092593647731742 0.3784612285316313 0.17324695111491067 2.7069665610235414
-2.8212999358920933e-07 0.4162294573446361 -0.9092596102535899 -0.10536305853883343 -0.41622999359993784 0.8267527667549217 0.3784606387603308 -1.2941530536629862 0.9092593647731742 0.3784612285316313 0.17324695111491067 2.706966551183387
-2.8212999358920933e-07 0.4162294573446361 -0.9092596102535899 -0.12890605876006878 -0.41622999359993784 0.8267527667549217 0.3784606387603308 -1.2941530798246237 0.9092593647731742 0.3784612285316313 0.17324695111491067 2.7069665403392187
-2.8212999358920933e-07 0.4162294573446361 -0.9092596102535899 -0.1545583481506143 -0.41622999359993784 0.8267527667549217 0.3784606387603308 -1.2941531083301623 0.9092593647731742 0.3784612285316313 0.17324695111491067 2.7069665285234885
-2.8212999358920933e-07 0.4162294573446361 -0.9092596102535899 -0.18224995085750328 -0.41622999359993784 0.8267527667549217 0.3784606387603308 -1.2941531391018426 0.9092593647731742 0.3784612285316313 0.17324695111491067 2.7069665157684284
-2.8212999358920933e-07 0.4162294573446361 -0.9092596102535899 -0.21190993735345365 -0.41622999359993784 0.8267527667549217 0.3784606387603308 -1.2941531720608457 0.9092593647731742 0.3784612285316313 0.17324695111491067 2.706966502106708
-2.8212999358920933e-07 0.4162294573446361 -0.9092596102535899 -0.24346857020407775 -0.41622999359993784 0.8267527667549217 0.3784606387603308 -1.2941532071296777 0.9092593647731742 0.3784612285316313 0.17324695111491067 2.70696648757045
-2.8212999358920933e-07 0.4162294573446361 -0.9092596102535899 -0.27685527750996175 -0.41622999359993784 0.8267527667549217 0.3784606387603308 -1.2941532442299168 0.9092593647731742 0.3784612285316313 0.17324695111491067 2.7069664721921614
-2.8212999358920933e-07 0.4162294573446361 -0.9092596102535899 -0.31199996420885 -0.41622999359993784 0.8267527667549217 0.3784606387603308 -1.2941532832836717 0.9092593647731742 0.3784612285316313 0.17324695111491067 2.7069664560041273
-4.371140025268451e-08 0.416229457344587 -0.909259610253655 -0.3488319391920387 -0.4162299935996933 0.8267528080604075 0.3784605485281528 -1.2941533242123884 0.9092593647733288 0.378461138299379 0.1732471482280184 2.7069664390389097
-4.371140025268451e-08 0.416229457344587 -0.909259610253655 -0.38728110739727195 -0.4162299935996933 0.8267528080604075 0.3784605485281528 -1.294153366938175 0.9092593647733288 0.378461138299379 0.1732471482280184 2.7069664213287945
-4.371140025268451e-08 0.416229457344587 -0.909259610253655 -0.4272772545530048 -0.4162299935996933 0.8267528080604075 0.3784605485281528 -1.294153411383008 0.9092593647733288 0.378461138299379 0.1732471482280184 2.706966402906124
-4.371140025268451e-08 0.416229457344587 -0.909259610253655 -0.4687499279691125 -0.4162299935996933 0.8267528080604075 0.3784605485281528 -1.294153457468598 0.9092593647733288 0.378461138299379 0.1732471482280184 2.7069663838033486
-4.371140025268451e-08 0.416229457344587 -0.909259610253655 -0.5116286749554706 -0.4162299935996933 0.8267528080604075 0.3784605485281528 -1.2941535051166562 0.9092593647733288 0.378461138299379 0.1732471482280184 2.7069663640529207
-4.371140025268451e-08 0.416229457344587 -0.909259610253655 -0.555843758077692 -0.4162299935996933 0.8267528080604075 0.3784605485281528 -1.2941535542496883 0.9092593647733288 0.378461138299379 0.1732471482280184 2.706966343686961
-4.371140025268451e-08 0.416229457344587 -0.909259610253655 -0.6013241285992046 -0.4162299935996933 0.8267528080604075 0.3784605485281528 -1.2941536047887428 0.9092593647733288 0.378461138299379 0.1732471482280184 2.7069663227381957
-4.371140025268451e-08 0.416229457344587 -0.909259610253655 -0.6479998106670419 -0.4162299935996933 0.8267528080604075 0.3784605485281528 -1.294153656656061 0.9092593647733288 0.378461138299379 0.1732471482280184 2.706966301238857
-4.371140025268451e-08 0.416229457344587 -0.909259610253655 -0.6958008284282378 -0.4162299935996933 0.8267528080604075 0.3784605485281528 -1.2941537097738836 0.9092593647733288 0.378461138299379 0.1732471482280184 2.706966279221176
-2.8212999358920933e-07 0.4162294573446361 -0.9092596102535899 -0.7446562523555096 -0.41622999359993784 0.8267527667549217 0.3784606387603308 -1.2941537640633916 0.9092593647731742 0.3784612285316313 0.17324695111491067 2.7069662567178234
-2.8212999358920933e-07 0.4162294573446361 -0.9092596102535899 -0.7944961065958909 -0.41622999359993784 0.8267527667549217 0.3784606387603308 -1.2941538194468258 0.9092593647731742 0.3784612285316313 0.17324695111491067 2.706966233761032
-2.8212999358920933e-07 0.4162294573446361 -0.9092596102535899 -0.8452499384592576 -0.41622999359993784 0.8267527667549217 0.3784606387603308 -1.2941538758458977 0.9092593647731742 0.3784612285316313 0.17324695111491067 2.7069662103832517
-4.371140025268451e-08 0.416229457344587 -0.909259610253655 -0.8968476528833536 -0.4162299935996933 0.8267528080604075 0.3784605485281528 -1.2941539331827152 0.9092593647733288 0.378461138299379 0.1732471482280184 2.70696618661677
-4.371140025268451e-08 0.416229457344587 -0.909259610253655 -0.9492186779687648 -0.4162299935996933 0.8267528080604075 0.3784605485281528 -1.2941539913788573 0.9092593647733288 0.378461138299379 0.1732471482280184 2.706966162494093
-4.371140025268451e-08 0.416229457344587 -0.909259610253655 -1.0022927994439463 -0.4162299935996933 0.8267528080604075 0.3784605485281528 -1.2941540503562994 0.9092593647733288 0.378461138299379 0.1732471482280184 2.7069661380475614
-4.371140025268451e-08 0.416229457344587 -0.909259610253655 -1.0559999818512864 -0.4162299935996933 0.8267528080604075 0.3784605485281528 -1.2941541100372167 0.9092593647733288 0.378461138299379 0.1732471482280184 2.706966113309435
-4.371140025268451e-08 0.416229457344587 -0.909259610253655 -1.1102694148727927 -0.4162299935996933 0.8267528080604075 0.3784605485281528 -1.2941541703429225 0.9092593647733288 0.378461138299379 0.1732471482280184 2.7069660883123303
-4.371140025268451e-08 0.416229457344587 -0.909259610253655 -1.1650313014694327 -0.4162299935996933 0.8267528080604075 0.3784605485281528 -1.2941542311958563 0.9092593647733288 0.378461138299379 0.1732471482280184 2.7069660630883954
-4.371140025268451e-08 0.416229457344587 -0.909259610253655 -1.2202147717185687 -0.4162299935996933 0.8267528080604075 0.3784605485281528 -1.2941542925172658 0.9092593647733288 0.378461138299379 0.1732471482280184 2.7069660376702744
-4.371140025268451e-08 0.416229457344587 -0.909259610253655 -1.2757500881858137 -0.4162299935996933 0.8267528080604075 0.3784605485281528 -1.2941543542296563 0.9092593647733288 0.378461138299379 0.1732471482280184 2.7069660120900894
-4.371140025268451e-08 0.416229457344587 -0.909259610253655 -1.3315664405531744 -0.4162299935996933 0.8267528080604075 0.3784605485281528 -1.294154416254342 0.9092593647733288 0.378461138299379 0.1732471482280184 2.7069659863804563
-4.371140025268451e-08 0.416229457344587 -0.909259610253655 -1.387593554944461 -0.4162299935996933 0.8267528080604075 0.3784605485281528 -1.2941544785132322 0.9092593647733288 0.378461138299379 0.1732471482280184 2.7069659605737435
-4.371140025268451e-08 0.416229457344587 -0.909259610253655 -1.4437618131345753 -0.4162299935996933 0.8267528080604075 0.3784605485281528 -1.2941545409289654 0.9092593647733288 0.378461138299379 0.1732471482280184 2.7069659347020183
-4.371140025268451e-08 0.416229457344587 -0.909259610253655 -1.500000047177656 -0.4162299935996933 0.8267528080604075 0.3784605485281528 -1.2941546034224576 0.9092593647733288 0.378461138299379 0.1732471482280184 2.7069659087980615
-0.0028961100601473276 0.4162277120043655 -0.9092557969604211 -1.5562382216160917 -0.4162282512066345 0.8262510713081849 0.37955659664869984 -1.2941546659158836 0.9092555501309774 0.37955718794628035 0.1708528186314926 2.7069658828941323
-0.011388099848368808 0.4162024686123956 -0.9092006468886785 -1.6124061817829822 -0.4162030149834378 0.8247798531925032 0.38277048486847715 -1.2941547283312858 0.909200396777597 0.38277107896065077 0.16383204695894948 2.7069658570225443
-0.025179152222190835 0.41609749785745154 -0.9089713320947695 -1.6684335941974926 -0.41609805743303485 0.8223905849407113 0.3879898612094519 -1.294154790590507 0.9089710759390679 0.38799046132301107 0.15243026283691322 2.7069658312156943
-0.04396813170886095 0.41582693814133587 -0.9083802953114042 -1.7242498273555638 -0.4158275198102266 0.8191354387936245 0.3951007551003311 -1.2941548526150601 0.9083800290420898 0.3951013672823442 0.13689642949731853 2.706965805506116
-0.06744391721517733 0.41528173273789243 -0.9071892859182619 -1.779785084218164 -0.41528233940446013 0.8150683131372256 0.40398542485886313 -1.2941549143273847 0.9071890082058044 0.40398604848911684 0.11748776964738847 2.7069657799259583
-0.09528112744375873 0.4143357934826154 -0.9051228408300046 -1.8349688524905239 -0.4143364193691762 0.8102455753982102 0.4145207342606079 -1.294154975649125 0.9051225543192349 0.41452135986792626 0.09447329715781483 2.7069657545077
-0.12713506757990548 0.4128519180746683 -0.9018813493656026 -1.8897302622500058 -0.4128525984174498 0.8047269619751773 0.4265761932529302 -1.294155036501529 0.9018810379265176 0.42657685170701504 0.06813797044466874 2.706965729283985
-0.16263736488579042 0.41068773476527715 -0.8971536501939741 -1.943999933690091 -0.4106884481720679 0.7985762662417893 0.440012437930272 -1.2941550968074997 0.8971533236192267 0.4400131037920213 0.038786368872155495 2.7069657042867705
-0.20139318629284858 0.40770110833775847 -0.8906293228807243 -1.997706698864918 -0.40770186160601407 0.7918619050132749 0.4546800143306695 -1.2941551564879534 0.8906289780586552 0.45468068976910664 0.006744908693590926 2.706965679548836
-0.24298019377663152 0.40375554655512647 -0.8820102516741184 -2.050781297177257 -0.4037563661366954 0.7846570579200153 0.4704190666420701 -1.2941552154659255 0.8820098764959275 0.47041977008016655 -0.027637251696973696 2.7069656551020853
-0.2869479480501123 0.3987254170179519 -0.8710217660504761 -2.1031524414719582 -0.3987262436946587 0.7770397163029992 0.48705919750775883 -1.2941552736622 0.8710213876243096 0.4870598742573799 -0.06398766435343271 2.706965630979353
-0.3328196322315921 0.3925004179653872 -0.8574231827389693 -2.1547501558960542 -0.3925012950258161 0.769092542597995 0.5044198591681422 -1.2941553309990175 0.8574227812487168 0.5044205416288551 -0.1019121748299362 2.7069656072128714
-0.3800970463991958 0.38498997528699586 -0.8410166194833048 -2.2055037493408416 -0.3849909371330587 0.7609018467938677 0.5223125097784762 -1.2941553873978244 0.8410161791808864 0.5223132187435044 -0.14099889319346884 2.706965583835201
-0.4282652248639889 0.3761269433567648 -0.8216552924756794 -2.255343365162644 -0.37612798469662884 0.752556822939995 0.540542290088864 -1.2941554427809938 0.8216548157835196 0.5405430146875992 -0.180822047804443 2.706965560878519
-0.4767994406885148 0.36587059962014157 -0.7992502722506372 -2.304199504345653 -0.3658717257287977 0.744148385748807 0.5589106013484412 -1.2941554970712965 0.7992497567540142 0.5589113385153702 -0.22094782643784117 2.7069655383748374
-0.5251747031843675 0.35420880261244275 -0.7737749383942796 -2.352000045269691 -0.35420998138914955 0.7357674617944943 0.5772187897572166 -1.2941555501885893 0.7737743987878573 0.5772195131112142 -0.2609421649794127 2.706965516357376
-0.5728750315226953 0.3411592517227678 -0.7452681149907273 -2.39867525050037 -0.34116051088990224 0.7275034867942864 0.5952715199902449 -1.2941556020553775 0.7452675385841059 0.5952722416391653 -0.3003785183175913 2.706965494858257
-0.6194025546011676 0.3267705365502637 -0.7138357596787936 -2.444156455486909 -0.3267718325461521 0.7194426595813039 0.6128804361610913 -1.2941556525953595 0.7138351664130713 0.6128811271504717 -0.33884521418309876 2.7069654739091074
-0.6642890450408843 0.31112120847654723 -0.6796496584820468 -2.4883709425626828 -0.3111225689849553 0.7116661573960607 0.6298682620082766 -1.2941557017277292 0.6796490356845007 0.6298689340277215 -0.37595520243761754 2.7069654535434227
-0.7071068694867161 0.2943183495254987 -0.6429436866921415 -2.5312500471769095 -0.2943197841059275 0.7042480547779251 0.6460731707982842 -1.2941557493761846 0.6429430299867449 0.6460738243220313 -0.41135492426537024 2.7069654337928295
-0.7474756517835827 0.27649641079136233 -0.6040114939388177 -2.5727222437558592 -0.27649790573843974 0.6972542288743537 0.6613512292565028 -1.2941557954612448 0.6040108095994351 0.6613518542624074 -0.4447298806587099 2.706965414690274
-0.785074018222953 0.2578129612589478 -0.5631973569879024 -2.612718390911592 -0.2578145272891065 0.690740383329915 0.675580781517604 -1.2941558399060775 0.5631966401089065 0.6755813791425385 -0.4758144015536989 2.706965396267603
-0.8196432913269853 0.238446677521527 -0.5208915980908231 -2.651167678326115 -0.23844832549346107 0.6847513386459511 0.6886639240529029 -1.2941558826319968 0.5208908437014718 0.6886644946572481 -0.5043946299738391 2.7069653785574332
-0.8509944337714573 0.2185926567312527 -0.47752039130614066 -2.6880000109371722 -0.21859439049430085 0.6793198417004698 0.7005291179647524 -1.2941559235611109 0.4775195976443501 0.7005296589689987 -0.5303142754729091 2.706965361592051
-0.8790122225020507 0.19845731813427256 -0.43353454945477843 -2.723144340008192 -0.19845909884990856 0.6744657904077505 0.7111328171680243 -1.2941559626144683 0.4335337342995212 0.7111333141181059 -0.5534780129108217 2.7069653454041815
-0.9036532984176334 0.17825579498030086 -0.3894041445784477 -2.756531047314076 -0.17825762574026685 0.6701967553966315 0.7204585539233126 -1.2941559997147076 0.38940330651443444 0.7204590068919735 -0.5738500538153297 2.7069653300258922
-0.9249468019568203 0.15820672158560956 -0.34560678059752237 -2.7880900377925686 -0.15820860349783897 0.6665076886831217 0.7285173564888805 -1.294156034783937 0.3456059191175899 0.7285177651721448 -0.5914544906410547 2.70696531548947
-0.9429905105025143 0.13852861344872777 -0.3026197620086642 -2.81774978586994 -0.13853053062501824 0.663381614217214 0.7353462626567938 -1.294156067742675 0.3026188843858864 0.7353466238275228 -0.6063721247208722 2.70696530182786
-0.9579463830149364 0.11943513060027282 -0.26090990178047385 -2.84544115015825 -0.11943709386265143 0.6607905353239901 0.7410065107918274 -1.2941560985140905 0.2609090030609234 0.7410068272321992 -0.6187369183401171 2.706965289072909
-0.9700313092636563 0.10113460029553296 -0.22093223321032054 -2.871093558758085 -0.10113659797553942 0.6586968212018989 0.7455802346417505 -1.2941561270197617 0.22093131873541785 0.7455805056206717 -0.6287281304667803 2.706965277257124
-0.979510531564707 0.08382481740435795 -0.18311886451414916 -2.8946364397700304 -0.08382684682295509 0.6570545423388348 0.7491677970545886 -1.2941561531812669 0.18311793551027733 0.7491680241301216 -0.6365650739048 2.706965266413011
-0.9866859895163286 0.06769335851022194 -0.14787957027862247 -2.9159996981318317 -0.06769542160429602 0.6558114137677712 0.7518834480594275 -1.2941561769207146 0.14787862585918254 0.7518836338061388 -0.6424974032853954 2.706965256572856
-0.9918854752965005 0.05291621807451192 -0.11559877923458302 -2.9351132387812315 -0.052918304555817273 0.6549105896340143 0.7538512934446457 -1.2941561981602134 0.11559782410916278 0.7538514399070405 -0.6467960649318366 2.7069652477689465
-0.995450427975265 0.03965772934848704 -0.08663550049941372 -2.951906012981659 -0.039659837321207 0.6542929560659496 0.7552005196940323 -1.2941562168208118 0.08663453553587716 0.7552006303926152 -0.6497433840425615 2.706965240034008
-0.9977230837380393 0.028071031172857985 -0.06132426424466779 -2.966308402508016 -0.028073157815318283 0.6538992220799087 0.7560606491370694 -1.2941562328251484 0.06132329073470893 0.7560607280980693 -0.651622305819317 2.7069652334001066
-0.9990329660317889 0.01829949499373143 -0.039978259900862026 -2.9782493586237297 -0.01830163512443965 0.6536722672296688 0.7565564203723318 -1.2941562460942715 0.03997728021637229 0.7565564721405792 -0.6527052332628434 2.7069652278999694
-0.9996829551708467 0.01047924554446271 -0.022894858673986856 -2.98766021677802 -0.010481396250007395 0.6535596349422076 0.7568024470803848 -1.2941562565518792 0.022893874148629884 0.7568024768636974 -0.6532425901144532 2.7069652235652235
-0.9999351590566639 0.004738789171755862 -0.010354784377752982 -2.9944689745599975 -0.004740947893908617 0.6535159299536147 0.7568979143252603 -1.2941562641179605 0.010353796182625545 0.756897927843674 -0.6534510890116879 2.706965220429034
-0.9999958083696837 0.0012040641131909288 -0.002633148813556075 -2.9986055369074065 -0.001206227850744888 0.6535054445409899 0.7569208538345705 -1.2941562687146237 0.002632158322573586 0.7569208572796066 -0.6535012529120893 2.7069652185236874
-0.9999999999991921 -1.2678981151867227e-06 -9.093916637767821e-08 -2.9999998087579915 -8.974112898461842e-07 0.653504712718867 0.7569224467892505 -1.2941562702639775 -9.002713698280754e-07 0.7569224467887206 -0.6535047127194769 2.70696521788147
-0.9999999999991921 -1.2678981151867227e-06 -9.093916637767821e-08 -2.9999998088189477 -8.974112898461842e-07 0.653504712718867 0.7569224467892505 -1.2935758332490945 -9.002713698280754e-07 0.7569224467887206 -0.6535047127194769 2.7056972463665847
-0.9999999999991921 -1.2678981151867227e-06 -9.093916637767821e-08 -2.99999980899977 -8.974112898461842e-07 0.653504712718867 0.7569224467892505 -1.2918539974590484 -9.002713698280754e-07 0.7569224467887206 -0.6535047127194769 2.7019358757456415
-0.9999999999991921 -1.2678981151867227e-06 -9.093916637767821e-08 -2.9999998092973854 -8.974112898461842e-07 0.653504712718867 0.7569224467892505 -1.2890200377988466 -9.002713698280754e-07 0.7569224467887206 -0.6535047127194769 2.695745057394413
-0.9999999999991921 -1.2678981151867227e-06 -9.093916637767821e-08 -2.9999998097087133 -8.974112898461842e-07 0.653504712718867 0.7569224467892505 -1.2851032787919803 -9.002713698280754e-07 0.7569224467887206 -0.6535047127194769 2.687188851080833
-0.9999999999991921 -1.2678981151867227e-06 -9.093916637767821e-08 -2.9999998102306895 -8.974112898461842e-07 0.653504712718867 0.7569224467892505 -1.2801328961064908 -9.002713698280754e-07 0.7569224467887206 -0.6535047127194769 2.676330991396349
-0.9999999999991921 -1.2678981151867227e-06 -9.093916637767821e-08 -2.9999998108602357 -8.974112898461842e-07 0.653504712718867 0.7569224467892505 -1.2741382142658693 -9.002713698280754e-07 0.7569224467887206 -0.6535047127194769 2.6632355381088963
-0.9999999999991921 -1.2678981151867227e-06 -9.093916637767821e-08 -2.9999998115942788 -8.974112898461842e-07 0.653504712718867 0.7569224467892505 -1.267148483365882 -9.002713698280754e-07 0.7569224467887206 -0.6535047127194769 2.647966388398165
-0.9999999999991921 -1.2678981151867227e-06 -9.093916637767821e-08 -2.999999812429748 -8.974112898461842e-07 0.653504712718867 0.7569224467892505 -1.2591929535022948 -9.002713698280754e-07 0.7569224467887206 -0.6535047127194769 2.6305874394438464
-0.9999999999991921 -1.2678981151867227e-06 -9.093916637767821e-08 -2.9999998133635657 -8.974112898461842e-07 0.653504712718867 0.7569224467892505 -1.2503009243893572 -9.002713698280754e-07 0.7569224467887206 -0.6535047127194769 2.6111626968177934
-0.9999999999991921 -1.2678981151867227e-06 -9.093916637767821e-08 -2.999999814392663 -8.974112898461842e-07 0.653504712718867 0.7569224467892505 -1.240501621313594 -9.002713698280754e-07 0.7569224467887206 -0.6535047127194769 2.589756003503617
-0.9999999999991921 -1.2678981151867227e-06 -9.093916637767821e-08 -2.999999815513963 -8.974112898461842e-07 0.653504712718867 0.7569224467892505 -1.2298243439892542 -9.002713698280754e-07 0.7569224467887206 -0.6535047127194769 2.5664313650731687
-0.9999999999991921 -1.2678981151867227e-06 -9.093916637767821e-08 -2.9999998167243906 -8.974112898461842e-07 0.653504712718867 0.7569224467892505 -1.218298367321346 -9.002713698280754e-07 0.7569224467887206 -0.6535047127194769 2.541252732902222
-0.9999999999991921 -1.2678981151867227e-06 -9.093916637767821e-08 -2.999999818020875 -8.974112898461842e-07 0.653504712718867 0.7569224467892505 -1.2059529414056356 -9.002713698280754e-07 0.7569224467887206 -0.6535047127194769 2.514284004170467
-0.9999999999991921 -1.2678981151867227e-06 -9.093916637767821e-08 -2.999999819400347 -8.974112898461842e-07 0.653504712718867 0.7569224467892505 -1.1928172915286475 -9.002713698280754e-07 0.7569224467887206 -0.6535047127194769 2.4855890218615144
-0.9999999999991921 -1.2678981151867227e-06 -9.093916637767821e-08 -2.999999820859729 -8.974112898461842e-07 0.653504712718867 0.7569224467892505 -1.178920717404631 -9.002713698280754e-07 0.7569224467887206 -0.6535047127194769 2.455231791547217
-0.9999999999991921 -1.2678981151867227e-06 -9.093916637767821e-08 -2.999999822395944 -8.974112898461842e-07 0.653504712718867 0.7569224467892505 -1.1642925187478355 -9.002713698280754e-07 0.7569224467887206 -0.6535047127194769 2.4232763187994277
-0.9999999999992906 -1.0694239158314557e-06 -5.245077110620799e-07 -2.999999824005921 -1.0958852289078016e-06 0.6535047127190313 0.7569224467888472 -1.148961945654027 -4.667027059891144e-07 0.7569224467888851 -0.6535047127197398 2.3897865007978383
-0.9999999999992906 -1.0694239158314557e-06 -5.245077110620799e-07 -2.99999982568659 -1.0958852289078016e-06 0.6535047127190313 0.7569224467888472 -1.1329582234097306 -4.667027059891144e-07 0.7569224467888851 -0.6535047127197398 2.3548261805260577
-0.9999999999992906 -1.0694239158314557e-06 -5.245077110620799e-07 -2.9999998274348747 -1.0958852289078016e-06 0.6535047127190313 0.7569224467888472 -1.1163106517291954 -4.667027059891144e-07 0.7569224467888851 -0.6535047127197398 2.31845936355594
-0.9999999999992906 -1.0694239158314557e-06 -5.245077110620799e-07 -2.999999829247703 -1.0958852289078016e-06 0.6535047127190313 0.7569224467888472 -1.0990484807081877 -4.667027059891144e-07 0.7569224467888851 -0.6535047127197398 2.2807499470671755
-0.9999999999992906 -1.0694239158314557e-06 -5.245077110620799e-07 -2.999999831121999 -1.0958852289078016e-06 0.6535047127190313 0.7569224467888472 -1.0812009976563361 -4.667027059891144e-07 0.7569224467888851 -0.6535047127197398 2.2417619095335772
-0.9999999999992906 -1.0694239158314557e-06 -5.245077110620799e-07 -2.9999998330546913 -1.0958852289078016e-06 0.6535047127190313 0.7569224467888472 -1.0627974526694066 -4.667027059891144e-07 0.7569224467888851 -0.6535047127197398 2.2015591481348364
-0.9999999999992906 -1.0694239158314557e-06 -5.245077110620799e-07 -2.9999998350427095 -1.0958852289078016e-06 0.6535047127190313 0.7569224467888472 -1.043867083438545 -4.667027059891144e-07 0.7569224467888851 -0.6535047127197398 2.1602055329526033
-0.9999999999992906 -1.0694239158314557e-06 -5.245077110620799e-07 -2.999999837082968 -1.0958852289078016e-06 0.6535047127190313 0.7569224467888472 -1.024439264105725 -4.667027059891144e-07 0.7569224467888851 -0.6535047127197398 2.117765232146974
-0.9999999999992906 -1.0694239158314557e-06 -5.245077110620799e-07 -2.9999998391724083 -1.0958852289078016e-06 0.6535047127190313 0.7569224467888472 -1.0045431331251258 -4.667027059891144e-07 0.7569224467888851 -0.6535047127197398 2.074301899015275
-0.9999999999991921 -1.2678981151867227e-06 -9.093916637767821e-08 -2.9999998413079467 -8.974112898461842e-07 0.653504712718867 0.7569224467892505 -0.9842080398294801 -9.002713698280754e-07 0.7569224467887206 -0.6535047127194769 2.0298796475215215
-0.9999999999991921 -1.2678981151867227e-06 -9.093916637767821e-08 -2.9999998434865174 -8.974112898461842e-07 0.653504712718867 0.7569224467892505 -0.9634631846960708 -9.002713698280754e-07 0.7569224467887206 -0.6535047127194769 1.9845622664532425
-0.9999999999991921 -1.2678981151867227e-06 -9.093916637767821e-08 -2.999999845705042 -8.974112898461842e-07 0.653504712718867 0.7569224467892505 -0.9423378798437683 -9.002713698280754e-07 0.7569224467887206 -0.6535047127194769 1.9384137884803316
-0.9999999999992906 -1.0694239158314557e-06 -5.245077110620799e-07 -2.9999998479604417 -1.0958852289078016e-06 0.6535047127190313 0.7569224467888472 -0.9208614373914423 -4.667027059891144e-07 0.7569224467888851 -0.6535047127197398 1.8914982462726828
-0.9999999999992906 -1.0694239158314557e-06 -5.245077110620799e-07 -2.9999998502496625 -1.0958852289078016e-06 0.6535047127190313 0.7569224467888472 -0.8990629461747892 -4.667027059891144e-07 0.7569224467888851 -0.6535047127197398 1.8438791847354594
-0.9999999999992906 -1.0694239158314557e-06 -5.245077110620799e-07 -2.9999998525696103 -1.0958852289078016e-06 0.6535047127190313 0.7569224467888472 -0.8769718671681286 -4.667027059891144e-07 0.7569224467888851 -0.6535047127197398 1.7956209617150423
-0.9999999999992906 -1.0694239158314557e-06 -5.245077110620799e-07 -2.9999998549172138 -1.0958852289078016e-06 0.6535047127190313 0.7569224467888472 -0.8546174380626055 -4.667027059891144e-07 0.7569224467888851 -0.6535047127197398 1.746787447293082
-0.9999999999992906 -1.0694239158314557e-06 -5.245077110620799e-07 -2.999999857289414 -1.0958852289078016e-06 0.6535047127190313 0.7569224467888472 -0.8320287973123994 -4.667027059891144e-07 0.7569224467888851 -0.6535047127197398 1.697442294766904
-0.9999999999992906 -1.0694239158314557e-06 -5.245077110620799e-07 -2.9999998596831245 -1.0958852289078016e-06 0.6535047127190313 0.7569224467888472 -0.809235331464105 -4.667027059891144e-07 0.7569224467888851 -0.6535047127197398 1.6476496993946457
-0.9999999999992906 -1.0694239158314557e-06 -5.245077110620799e-07 -2.9999998620952786 -1.0958852289078016e-06 0.6535047127190313 0.7569224467888472 -0.7862662409950056 -4.667027059891144e-07 0.7569224467888851 -0.6535047127197398 1.597473449963836
-0.9999999999992906 -1.0694239158314557e-06 -5.245077110620799e-07 -2.9999998645227937 -1.0958852289078016e-06 0.6535047127190313 0.7569224467888472 -0.7631508752378333 -4.667027059891144e-07 0.7569224467888851 -0.6535047127197398 1.5469776604384902
-0.9999999999992906 -1.0694239158314557e-06 -5.245077110620799e-07 -2.999999866962612 -1.0958852289078016e-06 0.6535047127190313 0.7569224467888472 -0.7399183602421471 -4.667027059891144e-07 0.7569224467888851 -0.6535047127197398 1.4962259570178937
-0.9999999999992906 -1.0694239158314557e-06 -5.245077110620799e-07 -2.9999998694116377 -1.0958852289078016e-06 0.6535047127190313 0.7569224467888472 -0.7165981693868866 -4.667027059891144e-07 0.7569224467888851 -0.6535047127197398 1.4452827246464677
-0.9999999999992906 -1.0694239158314557e-06 -5.245077110620799e-07 -2.99999987186683 -1.0958852289078016e-06 0.6535047127190313 0.7569224467888472 -0.6932192550569198 -4.667027059891144e-07 0.7569224467888851 -0.6535047127197398 1.3942112101509294
-0.9999999999992906 -1.0694239158314557e-06 -5.245077110620799e-07 -2.999999874325076 -1.0958852289078016e-06 0.6535047127190313 0.7569224467888472 -0.6698112642958776 -4.667027059891144e-07 0.7569224467888851 -0.6535047127197398 1.343076177848268
-0.9999958057917336 -0.0012065999581194946 0.002632967049224064 -2.9999998767833254 0.0012044330889070434 0.6535054431800477 0.7569208578675739 -0.6464032487255937 -0.0026339589737844208 0.7569208544164909 -0.6535012489732012 1.2919410913495257
-0.9999351543573102 -0.0047411262100522135 0.01035416837232912 -2.9999998792384996 0.004738954478625495 0.653515922101718 0.7568979335881361 -0.6230245080603178 -0.010355162522708183 0.7568979199877626 -0.6534510764604545 1.2408699562265555
-0.9996829447599443 -0.010481582378438098 0.02289424353260319 -2.9999998816875513 0.010479403677655583 0.6535596309950723 0.7568024780827199 -0.5997040691126418 -0.02289524087330958 0.7568024479112293 -0.6532425757564522 1.1899261818943179
-0.9990329268880866 -0.01830203077504029 0.03997807727908613 -2.9999998841273565 0.01829984213196167 0.6536722289134382 0.7565564968495632 -0.5764716781631634 -0.03997907917109128 0.7565564439067631 -0.6527051558029741 1.1391747494541271
-0.997723055772473 -0.02807337038101878 0.06132364841958476 -2.9999998865548747 0.028071169679958336 0.6538991445671168 0.7560607899945557 -0.5533562875967495 -0.061324655831383926 0.7560607082832983 -0.651622200341056 1.0886789057327002
-0.9954503884170165 -0.03966006707127364 0.08663488489236267 -2.9999998889670287 0.03965785397922087 0.6542928728057072 0.7552006959831389 -0.5303871971276501 -0.08663589797637956 0.7552005797637846 -0.6497432612242082 1.0385026563018904
-0.9918854234378214 -0.05291855161793817 0.11559815598111034 -2.999999891360736 0.052916325389134176 0.6549104840426192 0.7538515241069513 -0.5075937560885974 -0.11559917507873825 0.7538513678343508 -0.6467959074819455 0.9887101151257134
-0.986685923247823 -0.067695696061693 0.14787894237961705 -2.999999893732939 0.06769345274029356 0.6558112523381583 0.7518837661252927 -0.48500509052914975 -0.14787996930175792 0.7518835641516439 -0.6424971755875133 0.9393649084034543
-0.979510447332425 -0.08382715007568318 0.1831182472524834 -2.9999998960805367 0.08382489682535485 0.6570543866031379 0.7491681518309444 -0.4626507234467305 -0.18311927871977698 0.7491678997099137 -0.6365648339371139 0.8905315294716967
-0.9700312075657076 -0.10113693818980206 0.2209316095134584 -2.9999998984004907 0.10113466716957988 0.6586966055977888 0.7455806870288751 -0.4405595824169659 -0.22093264911532062 0.7455803789716728 -0.6287278131650796 0.8422731709610767
-0.9579461296074258 -0.11943765538290027 0.2609096764146329 -2.999999900689701 0.11943537260601216 0.6607902972475587 0.7410070005296483 -0.418761190437279 -0.26091072139836635 0.74100663258848 -0.6187364268565941 0.794654326208178
-0.9429905302451969 -0.13853075897919592 0.3026187183313855 -2.9999999029451243 0.1385284666591932 0.6633812994455885 0.7353469354467558 -0.39728452470177933 -0.3026197676836979 0.7353465036039338 -0.6063718296924209 0.7477382962357986
-0.9249464605792481 -0.15820923750307855 0.3456065425170883 -2.9999999051636346 0.15820694803274818 0.6665073917796278 0.728517987627815 -0.37615935630030506 -0.3456075905649133 0.7285174904364426 -0.5914538523605227 0.7015901163413341
-0.903653119125359 -0.17825812902828864 0.38940349219074016 -2.9999999073421932 0.17825582851648158 0.6701963759183793 0.7204593515985291 -0.35541461280848274 -0.38940454529308277 0.7204587824027162 -0.5738494950454196 0.6562729791554203
-0.8790120226257738 -0.19845964458110518 0.4335338897388387 -2.999999909477742 0.1984573514028632 0.6744653784583184 0.7111336955420112 -0.3350794202758708 -0.4335349394841281 0.7111330555766753 -0.5534774010857847 0.6118505108773422
-0.8509944796836869 -0.21859481243385878 0.4775193226717607 -2.99999991156717 0.21859251995507842 0.6793193245504829 0.7005302031404244 -0.3151834009368586 -0.47752037209691867 0.7005294877942554 -0.530313804235887 0.5683874216280085
-0.8196427539702981 -0.2384491730481469 0.5208913012679711 -2.999999913607429 0.23844687446484972 0.6847508969811437 0.688664865621489 -0.2957555816040386 -0.5208923534876756 0.6886640697438586 -0.5043936509531978 0.5259471208223794
-0.7850734668977362 -0.257815412028464 0.5631970036264065 -2.9999999155954757 0.25781312267956935 0.6907399217195409 0.6755817895096727 -0.27682493947152 -0.5631980516189473 0.6755809158520361 -0.4758133886190528 0.4845929094832533
-0.7474753744668948 -0.2764987061880077 0.6040107863622414 -2.999999917528153 0.27649642234664007 0.6972536722512965 0.6613524362710022 -0.25842154334003975 -0.6040118318336851 0.6613514814442011 -0.44472904671999647 0.4443904732609991
-0.7071065736760569 -0.294320628366949 0.6429429688407763 -2.9999999194024474 0.29431838220626394 0.7042474722636081 0.6460744443992551 -0.24057407269280884 -0.6429439970631926 0.6460734211589291 -0.4113540459414523 0.40540246282544157
-0.6642890807912051 -0.31112334154393617 0.6796486470876778 -2.9999999212152653 0.3111211243380237 0.7116654886922638 0.6298697311310055 -0.22331200090876724 -0.6796496620555473 0.6298686359479543 -0.37595456948525535 0.3676932631210019
-0.6194021921710857 -0.3267728012203263 0.7138350374675332 -2.9999999229635526 0.326770618268914 0.7194420249051722 0.6128818286068672 -0.2066644044189906 -0.7138360367548033 0.6128806647161964 -0.3388442170780375 0.33132639195480307
-0.5728748870300824 -0.3411614981584285 0.7452671977113758 -2.999999924644224 0.3411593213400207 0.7275027348038571 0.5952731207737548 -0.19066065736545268 -0.7452681941912501 0.5952718732035014 -0.3003776218357614 0.2963660174869416
-0.5251741162937077 -0.3542111169999484 0.7737742772726243 -2.9999999262542167 0.35420900483406276 0.7357667903944979 0.5772202448347096 -0.17532993541619513 -0.7737752441565872 0.5772189487068385 -0.26094090668997455 0.26287587430886505
-0.47679909523013897 -0.36587287894337406 0.7992494349334306 -2.999999927790424 0.36587078216711716 0.7441476205905467 0.5589122377671198 -0.16070181118712423 -0.7992503947725911 0.5589108651861358 -0.22094671582248623 0.23092056414931905
-0.42826462879417276 -0.3761292028649722 0.8216545688280144 -2.999999929249803 0.37612718682086466 0.7525561193491971 0.5405438248322698 -0.1468052618723492 -0.8216554917104929 0.5405424220005659 -0.1808207481450907 0.20056338803110263
-0.38009643606128696 -0.38499224786698777 0.8410158550085914 -2.999999930629291 0.38499023136945737 0.7609011091309124 0.5223141046089407 -0.1336694631399118 -0.8410167780987486 0.5223126182715401 -0.140997545193981 0.17186808054566294
-0.3328190303172199 -0.39250267669461825 0.8574223824033669 -2.9999999319257595 0.39250067664230653 0.7690917859038787 0.5044214940806092 -0.12132418607965045 -0.8574232979655014 0.5044199377926516 -0.10191081622291366 0.1448996769903954
-0.28694756145327044 -0.3987276134896527 0.8710208879337324 -2.9999999331361877 0.3987256853664062 0.777038921164139 0.4870609231145121 -0.10979820941174234 -0.8710217705689745 0.4870593446767213 -0.06398648261915649 0.11972104481944834
-0.24297980179702414 -0.4037577756990303 0.8820093392256402 -2.99999993425749 0.40375589659206845 0.7846562309406311 0.470420849041768 -0.09912090727816125 -0.8820101994227809 0.4704192362229828 -0.027636032739373297 0.09639635219291964
-0.20139280266932175 -0.4077033693706209 0.8906283745967443 -2.999999935286603 0.407701474935784 0.7918610481021366 0.45468185342475664 -0.0893214553469488 -0.8906292418106324 0.45468015472684614 0.006746149226734997 0.07498933370225558
-0.1626362473819303 -0.4106899912731649 0.897152819816987 -2.9999999362203997 0.4106881900647031 0.7985755549269846 0.44001396979463836 -0.08042962470794346 -0.8971536443546901 0.4400122886251091 0.03878819768939745 0.055565024644852024
-0.12713442842176298 -0.4128541521443645 0.901880416777651 -2.9999999370558794 0.41285237534977065 0.804726153788696 0.42657793376650854 -0.07247399560739021 -0.9018812301394922 0.4265762141348361 0.06813941778784689 0.038185858906208736
-0.09528071415840965 -0.4143379888750439 0.9051218793535197 -2.999999937789915 0.4143362483022024 0.8102447349936373 0.4145225479487771 -0.0654843391351273 -0.9051226761341907 0.4145208081508991 0.09447455084628024 0.02291687178372115
-0.06744350350983105 -0.4152839305582631 0.907188310580774 -2.9999999384194633 0.4152822243662914 0.8150674676799279 0.40398724887700954 -0.05948963248526429 -0.9071890916229673 0.4039854949746455 0.1174890288085917 0.009821364300186985
-0.043967242289699934 -0.4158291397548136 0.9083793305311446 -2.999999938941419 0.41582746074487803 0.8191346751509524 0.3951024004682972 -0.05451944827370714 -0.9083800991302626 0.3951006333785298 0.1368980825577146 -0.0010360618156473045
-0.025178025942521248 -0.4160996972989698 0.9089703564568778 -2.9999999393527808 0.41609803495645303 0.8223898609168021 0.38799141996521197 -0.05060236674670082 -0.9089711174261899 0.38798963719273327 0.15243211313904656 -0.009592972678282408
-0.01138744789124619 -0.4162046573161143 0.9091996531339528 -2.999999939650401 0.41620301393769693 0.8247790477452567 0.3827722215490631 -0.04776835746801611 -0.9092004054220948 0.38277043463256627 0.16383350436188232 -0.015783899421673464
-0.0028956969008854063 -0.41622989868508997 0.9092547972818499 -2.9999999398312163 0.4162282661322717 0.8262502242691733 0.379558424182185 -0.04604659610569439 -0.9092555446143735 0.3795566338976839 0.17085407882833403 -0.019545107454373323
6.079713360615298e-07 -0.4162316434114775 0.9092586095399982 -2.9999999398921613 0.416230014358503 0.826752002414589 0.3784622856383285 -0.04546625832777762 -0.909259355270404 0.3784604940102045 0.17324860555514207 -0.020812862184933945
6.079713373695972e-07 -0.41623164341153696 0.9092586095399711 -2.9986054296509415 0.41623001335581955 0.8267520028319109 0.3784622858294316 -0.04544512030650549 -0.9092593557294006 0.378460493098494 0.17324860513781962 -0.020803185938409463
6.079713412750652e-07 -0.41623164341155316 0.9092586095399635 -2.9944686885724274 0.41623001039821744 0.8267520040629458 0.3784622863929809 -0.04538246503981935 -0.9092593570832967 0.37846049040926394 0.17324860390678273 -0.020774504549769368
6.079713477036153e-07 -0.4162316434115281 0.9092586095399751 -2.987660050136164 0.41623000556136425 0.8267520060761979 0.3784622873145608 -0.04527926813533667 -0.9092593592974543 0.3784604860113153 0.17324860189352748 -0.020727264617757424
6.079713564885031e-07 -0.4162316434114792 0.9092586095399974 -2.9782499074261986 0.4162299989209248 0.8267520088401659 0.37846228857977005 -0.04513661359290322 -0.9092593623372361 0.3784604799734438 0.17324859912955506 -0.020661962359628916
6.079713675554189e-07 -0.4162316434115351 0.9092586095399718 -2.966308534317144 0.4162299905525733 0.8267520123232983 0.37846229017430694 -0.044955693804395125 -0.9092593661680011 0.3784604723644323 0.1732485956464169 -0.020579143611065387
6.079713807376198e-07 -0.41623164341146085 0.9092586095400059 -2.9519061450793997 0.4162299805319756 0.8267520164941989 0.3784622920835405 -0.04473737598513505 -0.9092593707551117 0.3784604632531256 0.17324859147550956 -0.020479205352273766
6.07971396145616e-07 -0.4162316434114549 0.9092586095400086 -2.935113192401514 0.4162299689347898 0.8267520213212933 0.37846229429323547 -0.044482852527197525 -0.9092593760639338 0.3784604527082785 0.17324858664840706 -0.020362693419018196
6.079714134278457e-07 -0.4162316434114411 0.9092586095400149 -2.915999890553599 0.41622995583669864 0.8267520267731121 0.3784622967889022 -0.0441932074302297 -0.9092593820598225 0.37846044079872093 0.1732485811965789 -0.020230104028471363
6.079714326024249e-07 -0.4162316434114923 0.9092586095399914 -2.8946365730152004 0.4162299413133791 0.8267520328181259 0.37846229955618765 -0.04386941630184926 -0.909259388708135 0.3784604275932489 0.17324857515155462 -0.02008188377937703
6.079714535949864e-07 -0.41623154485500335 0.9092586546562247 -2.871093632870364 0.4162299254404659 0.8267520804472354 0.3784622129671496 -0.043512563141901994 -0.9092593959742481 0.37846043193943696 0.17324852752263212 -0.01991852888899004
6.07971476238822e-07 -0.4162315448551142 0.9092586546561738 -2.8454412247844143 0.41622990829364903 0.8267520875842012 0.3784622162343631 -0.04312384034213168 -0.9092594038235133 0.3784604163485137 0.17324852038565525 -0.01974058519293731
6.079715005520347e-07 -0.41623154485505065 0.909258654656203 -2.817749861050974 0.4162298899485964 0.8267520952199803 0.37846221972972666 -0.04270411511819172 -0.9092594122212921 0.37846039966811656 0.17324851274986391 -0.019548449671562995
6.079715262754615e-07 -0.4162315448549879 0.9092586546562317 -2.788089696335225 0.4162298704809753 0.8267521033230048 0.37846222343898234 -0.04225468825398804 -0.9092594211329464 0.3784603819670136 0.17324850464682603 -0.019342717778977114
6.079715534272225e-07 -0.41623154485502295 0.9092586546562157 -2.7565311237214996 0.4162298499664656 0.826752111861734 0.37846222734779816 -0.04177642696504191 -0.9092594305238323 0.3784603633139988 0.17324849610808216 -0.019123786495468753
6.079715817481185e-07 -0.4162315448550233 0.9092586546562155 -2.7231443574799097 0.4162298284807094 0.8267521208047384 0.37846223144164115 -0.041270415251000836 -0.9092594403593232 0.3784603437778757 0.17324848716506167 -0.018892152038209264
6.079716113486921e-07 -0.41623154485501457 0.9092586546562195 -2.687999850299148 0.41622980609938703 0.8267521301205071 0.3784622357061146 -0.04073773711177686 -0.9092594506047749 0.3784603234274525 0.17324847784927577 -0.018648310624481024
1.3113445545800974e-07 -0.4162314237406779 0.9092587100989415 -2.651167816449326 0.4162297828977178 0.8267521075783494 0.37846231046654577 -0.04017947654701737 -0.9092594612259481 0.37846050587289237 0.17324802355447777 -0.018392758471456272
1.311344871006648e-07 -0.41623142374067773 0.9092587100989417 -2.612718529805058 0.41622975895225184 0.8267521175451611 0.37846231502904265 -0.03959682594859826 -0.9092594721874131 0.37846048410025634 0.17324801358764977 -0.018126041414817884
1.3113451964174484e-07 -0.4162315448552056 0.9092586546563259 -2.572722443055178 0.41622973433823457 0.8267520773785255 0.37846242984345924 -0.03899076092426945 -0.9092594834549187 0.37846043864285417 0.1732480537540117 -0.017848606053363802
1.3113455292027023e-07 -0.4162315448552306 0.9092586546563144 -2.5312498300747306 0.4162297091314112 0.8267520878703388 0.378462434646315 -0.038362148689419895 -0.9092594949937909 0.37846041572331385 0.173248043262176 -0.017560849367327602
1.311345869600229e-07 -0.4162315448552132 0.9092586546563224 -2.4883708455288964 0.4162296834072683 0.8267520985774928 0.37846243954770037 -0.037712290027955064 -0.9092595067694745 0.37846039233340406 0.17324803255499854 -0.01726336681082108
1.3113462160003117e-07 -0.41623142374067273 0.9092587100989439 -2.444156120920301 0.4162296572415764 0.826752159880149 0.3784623344086807 -0.03704226893998619 -0.9092595187472841 0.3784603916188863 0.1732479712525852 -0.016956654601207877
1.3113465667929113e-07 -0.4162314237406795 0.9092587100989408 -2.398675632100907 0.41622963071000335 0.8267521709233683 0.3784623394639312 -0.036352844248408456 -0.9092595308925814 0.37846036749480716 0.17324796020934405 -0.016641060100100802
1.311346921292364e-07 -0.4162314237406584 0.9092587100989504 -2.3519997721541888 0.4162296038882675 0.8267521820873724 0.37846234457444256 -0.0356455335217174 -0.9092595431707048 0.3784603431069002 0.17324794904531673 -0.016317277998687096
1.3113472788125218e-07 -0.4162313272652784 0.9092587542624857 -2.304199053373912 0.4162295768519337 0.8267522334968002 0.378462262004698 -0.03492109558340439 -0.9092595555470633 0.378460336906045 0.1732478976360747 -0.01598565565882648
6.079719503886887e-07 -0.41623132726496415 0.9092587542624359 -2.255343600623222 0.4162295496771169 0.8267523274188097 0.37846208671829434 -0.03418061443301734 -0.90925956798662 0.378460131732297 0.1732482805512297 -0.01564668929765034
6.079719863881206e-07 -0.41623142374031236 0.9092587100989151 -2.2055036877765897 0.4162295224386923 0.8267522986001558 0.3784621796293747 -0.03342539085459462 -0.9092595804554872 0.3784600885832897 0.17324830936964444 -0.015300974369324205
6.079720224057363e-07 -0.41623142374031485 0.9092587100989139 -2.1547498271279237 0.41622949521272357 0.8267523099323947 0.378462184816939 -0.032656075279465235 -0.9092595929186514 0.3784600638278232 0.1732482980373784 -0.01494880861722514
1.311348716142731e-07 -0.41623132726525014 0.9092587542624987 -2.1031521733421186 0.41622946807432687 0.826752278773241 0.37846228273081056 -0.03187418527585961 -0.9092596053419209 0.3784602379990021 0.17324785235954007 -0.014590886732430697
1.3113490729347619e-07 -0.41623132726526424 0.9092587542624923 -2.050781059899006 0.41622944110032406 0.8267522900006038 0.37846228787036285 -0.031080479667070504 -0.9092596176897414 0.37846021347263703 0.17324784113215191 -0.014227556076717551
1.3113494267841359e-07 -0.4162313272652188 0.9092587542625131 -1.9977069692894571 0.4162294143657275 0.8267523011283424 0.3784622929642448 -0.03027615084520585 -0.9092596299279685 0.3784601891639657 0.1732478300043871 -0.013859362485864946
1.3113497760806556e-07 -0.41623132726522527 0.9092587542625101 -1.9439999071674703 0.4162293879461531 0.8267523121249375 0.37846229799815034 -0.029462174417518527 -0.909259642021988 0.37846016514172126 0.1732478190077656 -0.013486752558466097
1.3113501201391557e-07 -0.41623132726521156 0.9092587542625163 -1.8897303560240593 0.4162293619174756 0.8267523229588373 0.37846230295755695 -0.028639634383954005 -0.9092596539370665 0.3784601414749073 0.17324780817383878 -0.013110222511816705
1.3113504582733268e-07 -0.4162312061507463 0.9092588097050683 -1.8349687089431277 0.4162293363552067 0.8267523840102673 0.37846219770360645 -0.027809723136520637 -0.9092596656386376 0.3784601413090081 0.17324774712266414 -0.012730318181653821
1.3113507888737893e-07 -0.41623120615074044 0.909258809705071 -1.7797851205904296 0.4162293113352212 0.8267523944243158 0.37846220247082524 -0.026973307890474807 -0.9092596770919682 0.37846011855935385 0.17324773670859162 -0.012347436548156399
1.3113511112537495e-07 -0.41623132726528417 0.9092587542624831 -1.7242499244450804 0.4162292869328764 0.8267523541695776 0.37846231724494106 -0.026131689429920946 -0.9092596882625623 0.3784600732944508 0.17324777696301577 -0.011962173065517057
1.311351424727551e-07 -0.4162312061506912 0.9092588097050935 -1.6684335135912698 0.416229263223891 0.8267524144496701 0.3784622116377509 -0.025285843362542915 -0.9092596991157585 0.37846007481368715 0.17324771668318933 -0.011574974332507981
1.311351727686305e-07 -0.41623120615067405 0.9092588097051015 -1.6124063407179763 0.4162292402842948 0.8267524239978028 0.3784622160085681 -0.024436636903927944 -0.9092597096167527 0.3784600539556485 0.1732477071350327 -0.01118623732944446
1.3113520203671065e-07 -0.41623120615070613 0.9092588097050868 -1.5562380836530787 0.41622921818934167 0.8267524331943494 0.37846222021849435 -0.023585479229614514 -0.9092597197310965 0.3784600338655999 0.17324769793846248 -0.010796607128701119
1.3113523002363627e-07 -0.416231206150681 0.9092588097050983 -1.4999999699459374 0.41622919701490585 0.8267524420077734 0.3784622242529761 -0.022733237556051167 -0.9092597294240571 0.3784600146125513 0.17324768912501534 -0.010406480710950294
0.002896436021385608 -0.4162294573372806 0.9092549969634958 -1.443761796634438 0.41622743403428386 0.8272542280768784 0.37736608921068127 -0.021880779098097047 -0.909255923167735 0.37736385753492724 0.17564220794202415 -0.010016255056205292
0.011387709675914603 -0.41620420680036674 0.9091998560877662 -1.3875939568020539 0.4162021808299753 0.8287253276995613 0.37415247680808883 -0.021029621424247247 -0.9092007835130311 0.37415022313361307 0.18266238197384244 -0.009626624855654242
0.02517971624695923 -0.41609921128124466 0.9089705321190829 -1.3315666647194706 0.41609719724354455 0.8311147666618638 0.36893274059462705 -0.020180414965499827 -0.9089714540819142 0.368930469069338 0.19406494958257886 -0.009237887852535653
0.043968458901785724 -0.41582863333982706 0.9083795034656681 -1.2757499558425796 0.41582664218965554 0.8343698769286392 0.3618219342706628 -0.01933446050562826 -0.9083804149512902 0.3618196459132911 0.20959858197063863 -0.008850639500906254
0.067443764871697 -0.41528342100691623 0.9071885244075365 -1.2202148193018751 0.4152814556136835 0.8384369188842314 0.352937452922323 -0.018492842045140567 -0.9071894241024371 0.35293514034268264 0.2290068459849605 -0.008465376018294446
0.09528097413273497 -0.41433744340848744 0.9051221016846487 -1.1650311713443888 0.4143355218266252 0.8432596521953016 0.3424021529314866 -0.017656535191190925 -0.9051229813240714 0.3423998276418629 0.252021321934965 -0.00808254400325259
0.12713467889667257 -0.41285346782832527 0.9018806947285023 -1.1102696434728903 0.41285170078193906 0.8487782697488678 0.33034666936958573 -0.01682651555172765 -0.9018815036263357 0.33034446098617143 0.2783564091456413 -0.007702590054661673
0.16263697813974698 -0.41068923313876954 0.8971530343957272 -1.0560002115384823 0.4106875424417445 0.8549289631773288 0.31691041384545543 -0.01600419230262029 -0.8971538083432137 0.31690822284129355 0.3077080149603537 -0.007326159245033104
0.20139305762294868 -0.4077025085093909 0.8906287110218432 -1.0022930898118507 0.4077009272657118 0.8616433733197946 0.30224270234492673 -0.015190215874866686 -0.8906294348650051 0.30224056936360355 0.3397496843012606 -0.006953549317606722
0.24298005356369767 -0.403756982339741 0.8820096330438171 -0.9492187309815434 0.4037554230963094 0.868848200124187 0.286503688390361 -0.014385778660541582 -0.8820103468160125 0.2865014910133401 0.3741318534375685 -0.0065853061081475595
0.2869478113090967 -0.39872674045437134 0.8710212052708887 -0.8968477069453982 0.39872529153392 0.8764655144250949 0.26986356537099354 -0.013592073051851894 -0.8710218685406869 0.2698614245685855 0.4104822968822213 -0.006221975452476158
0.3328192768055119 -0.3925017020730929 0.8574227328782349 -0.8452503511828169 0.39250036721184406 0.884412639524677 0.2525029599580195 -0.012810183048577506 -0.8574233439353185 0.2525008849860109 0.4484066372792197 -0.005864053567818495
0.38009711834878757 -0.38499120974253337 0.8410160218711227 -0.794496281917751 0.38498993469023496 0.8926033981767798 0.23461015270118651 -0.012040975865378556 -0.8410166055495911 0.23460806035651469 0.4874937201704218 -0.005511937434106162
0.42826486362851235 -0.3761282443911211 0.8216548851875127 -0.7446563094666168 0.37612705639410376 0.9009483373891891 0.21638052316223536 -0.011285643894727249 -0.8216554290148386 0.21637845809347353 0.5273165262378303 -0.005166172887269838
0.4767993235999727 -0.36587185390837096 0.7992497679275611 -0.6958012441461179 0.365870743840587 0.9093568061672038 0.19801211548518463 -0.010545162744770742 -0.7992502760813688 0.19801006437813756 0.5674425174313444 -0.004827206526272221
0.5251747729891088 -0.3542099466426075 0.773774367316002 -0.6480002273426173 0.3542089470086517 0.9177377344265598 0.17970384711693685 -0.009820724806126557 -0.7737748249166939 0.17970187675437993 0.6074370385612762 -0.004495584186274382
0.5728747073015527 -0.34116058096676977 0.7452677557284876 -0.6013243077913977 0.3411595812474284 0.9260016068655281 0.1616513662346818 -0.009113305687206863 -0.7452682133683415 0.16164925634495217 0.6468731004346094 -0.004171752466350043
0.61940202108079 -0.32677187634603405 0.7138356093039382 -0.5558442958090191 0.32677097686310413 0.9340623490299191 0.1440425520623755 -0.008423989388321507 -0.7138360210587339 0.14404051150284675 0.6853396720495852 -0.003856207583945892
0.6642889192450017 -0.31112236443267416 0.6796492522751201 -0.5116290943632651 0.31112157827096654 0.941838895915552 0.12705454606096006 -0.007753968299822722 -0.6796496121550357 0.1270526209505182 0.7224500233283362 -0.0035494953741128654
0.7071067502783338 -0.29431949750931474 0.6429432922868691 -0.46874999060814115 0.29431879065932953 0.9492569761315095 0.11084964019108286 -0.007104109638225498 -0.6429436158603985 0.11084776340335996 0.7578497741457927 -0.0032520128175512752
0.7474758490758368 -0.2764972956687187 0.6040108447174125 -0.427277556441628 0.2764967649708317 0.9562508358460633 0.0955713236508214 -0.006475497403574504 -0.6040110876540443 0.09556978827846457 0.791225013229099 -0.0029642561315981197
0.7850739145194435 -0.257813987012372 0.5631970319896066 -0.38728117166852427 0.25781352882595754 0.9627646041812036 0.08134187906679848 -0.005869432378914463 -0.5631972417327917 0.0813404268282075 0.8223093103376493 -0.0026868207700063707
0.8196429220719995 -0.23844786117039918 0.5208916372918038 -0.3488321234428353 0.23844748788220116 0.9687535984133138 0.06825878026981887 -0.005286781780760363 -0.5208918081712762 0.06825747625365243 0.8508893236582185 -0.0024201037134776726
0.8509943640556917 -0.21859368746129032 0.47752004371285245 -0.31200026840709105 0.21859337611128718 0.9741851552511076 0.05639343231835306 -0.0047284128240372425 -0.47752018623898834 0.05639222544332729 0.8768092088041907 -0.0021645019420519773
0.8790121464998526 -0.19845834658200492 0.4335342327632946 -0.27685570162154116 0.1984580922952125 0.9790391643095996 0.04578974066868918 -0.004195843076909456 -0.4335343491677062 0.04578863854601598 0.8999729821899297 -0.001920710146779303
0.9036534356184712 -0.17825664517680717 0.3894034369972141 -0.2434687565660174 0.1782564372938746 0.9833082041621068 0.03646392999646625 -0.003689831362669538 -0.38940353215941476 0.036462913731655 0.9203452314560931 -0.001689075689438102
0.924946568438318 -0.15820793261462412 0.3456068511936451 -0.21191072039395165 0.1582077693739429 0.9869971849988836 0.02840525504199921 -0.0032116784664819042 -0.34560692592004155 0.028404345830986406 0.9379493834392197 -0.0014701940246593104
0.9429904571342517 -0.138529646469623 0.3026194554266735 -0.1822500192365426 0.1385295205640207 0.9901232425310968 0.02157629560442178 -0.0027621432095198406 -0.3026195130622573 0.021575487218324675 0.9528672146029866 -0.0012644125133434159
0.9579462044508841 -0.11943639079278084 0.26090998051538605 -0.15455913234026064 0.11943626696083738 0.9927142857023559 0.01591618977397178 -0.0023424179861097905 -0.2609100372017232 0.015915260502286283 0.9652319187483077 -0.0010722769921884812
0.9700313865390565 -0.10113548252763539 0.22093149006653165 -0.12890624741729617 0.10113539282106694 0.9948080133019037 0.011342353778992936 -0.001953586793647155 -0.2209315311313532 0.011341553871569298 0.9752233732369904 -0.0008942836774332719
0.9795105957123944 -0.08382570576948233 0.18311811472216094 -0.10536289003980293 0.08382563876931166 0.9964502623290992 0.007754804264868477 -0.0015968420253986704 -0.18311814539271412 0.007754079991702897 0.9830603333831628 -0.0007309784053370905
0.9866858883239734 -0.0676946275768461 0.14787966452343462 -0.08400010894320697 0.0676945977492685 0.9976933643055634 0.005039072951552596 -0.001273050897614314 -0.14787967817755146 0.005038672233678699 0.9889925240183696 -0.0005827581564896711
0.9918853954122412 -0.05291750228949328 0.11559887680831261 -0.06488656867671283 0.052917483623503035 0.9985941655743465 0.0030712225303427577 -0.000983405800381587 -0.11559888535300958 0.003070900896491218 0.9932912298378688 -0.0004501687658331477
0.9954503680745411 -0.03965901453744057 0.08663560045489055 -0.04809379481276155 0.03965901670329933 0.999211788203234 0.0017218332738170052 -0.0007288823426426783 -0.08663559946342947 0.0017218831593567416 0.9962385798713065 -0.00033365683266017854
0.9977230089960442 -0.0280725336264444 0.06132479250410543 -0.033691405575017486 0.02807253636023587 0.9996055172727122 0.0008617077559395068 -0.0005105645233826062 -0.06132479125266283 0.0008617968122242262 0.99811749172333 -0.00023371857386855766
0.9990328965356534 -0.01830120685530089 0.03997921293899969 -0.021750449698476615 0.01830121029514144 0.999832451864148 0.000365924936228514 -0.00032964473533819705 -0.03997921136435036 0.0003660969344758764 0.9992004446714979 -0.00015089982549731928
0.9996829633763663 -0.010480178621276596 0.02289407327481417 -0.012339591732773325 0.01048017828578575 0.9999450742230495 0.00012000065883066804 -0.00018699019210999257 -0.022894073428391205 0.00011997135538093675 0.9997378891533166 -8.559756703929722e-05
0.9999351464794094 -0.004740325136014999 0.010355295882161797 -0.005531310924378641 0.0047403250343394 0.9999887642947058 2.455434875901297e-05 -8.379328802465835e-05 -0.010355295928705653 2.453471198515313e-05 0.9999463821847033 -3.8357635192109996e-05
0.9999958051710306 -0.001205605066916718 0.0026336584373804787 -0.0013942718226407358 0.0012056050582862359 0.9999992732566922 1.5908562904913074e-06 -2.1138021007338637e-05 -0.0026336584413312386 1.5843023167828748e-06 0.9999965319143383 -9.676246414791478e-06
0.9999999999999833 -7.607947947786536e-08 1.6619652732032853e-07 0.0 7.607948166691747e-08 0.999999999999997 -1.3171460845827064e-08 -5.551115123125783e-17 -1.6619652631825015e-07 1.3171473489972498e-08 0.9999999999999861 -4.440892098500626e-16
