-0.6406382734506822 -0.31960100582536 0.6981674581828826 -0.3816134673679965 0.3195974284744778 0.7157636663615563 0.6209185595786002 -1.7587567026281916 -0.698169095780263 0.6209167182417308 -0.35640193981695595 3.842023688433452
-0.6406382734506845 -0.31960100516004913 0.6981674584874408 -0.38051551707873443 0.3195974295130448 0.7157636660296024 0.6209185594266918 -1.7583970887862226 -0.6981690953048412 0.6209167189668436 -0.3564019394849998 3.8411808304306687
-0.6406382734506911 -0.3196010031980893 0.6981674593855636 -0.37725910361572756 0.3195974325755101 0.7157636650508717 0.6209185589786198 -1.7573303812518404 -0.6981690939029455 0.6209167211049469 -0.35640193850626256 3.8386810543815386
-0.640638273450702 -0.31960099999085545 0.698167460853733 -0.371900154250445 0.31959743758186443 0.7157636634508303 0.6209185582462106 -1.7555752435041423 -0.6981690916112012 0.6209167246002412 -0.3564019369062104 3.8345671355321653
-0.6406382734507168 -0.3196009955895695 0.6981674628685016 -0.36449487085734056 0.31959744445199545 0.7157636612551718 0.6209185572410808 -1.753149675639892 -0.6981690884662815 0.6209167293967426 -0.3564019347105371 3.828882404778409
-0.6406382734507354 -0.31960099004547154 0.6981674654064134 -0.3550993637761559 0.3195974531059976 0.7157636584893895 0.6209185559749719 -1.7500721879290646 -0.6981690845047642 0.6209167354386892 -0.35640193194473635 3.82166987548359
-0.6406382734507576 -0.31960098340982557 0.6981674684440006 -0.3437693772106596 0.31959746346386125 0.7157636551790479 0.6209185544595963 -1.7463611634912302 -0.6981690797632749 0.620916742670224 -0.3564019286343729 3.8129722832505255
-0.6406382734507832 -0.3196009757338683 0.6981674719578096 -0.3305613876368567 0.3195974754455782 0.7157636513497354 0.620918552706639 -1.7420350229624424 -0.6981690742784391 0.6209167510354778 -0.3564019248050351 3.8028330184400043
-0.640638273450812 -0.31960096706897595 0.6981674759243214 -0.31553123079265166 0.3195974889710354 0.7157636470270087 0.620918550727875 -1.7371120728577107 -0.6981690680869295 0.6209167604785453 -0.35640192048228 3.791294935713452
-0.6406382734508438 -0.31960095746625666 0.6981674803201408 -0.29873510855192453 0.31959750396032727 0.7157636422364785 0.6209185485349098 -1.7316107468424484 -0.6981690612253243 0.6209167709435963 -0.35640191569171864 3.7784011674927984
-0.6406382734508781 -0.31960103997387695 0.6981674425504918 -0.2802288566527227 0.3195975203334447 0.7157635542964662 0.6209186414801887 -1.725549243039502 -0.698169053730249 0.6209168298480128 -0.35640182775191076 3.764194618057951
-0.6406382734509151 -0.31960102864941864 0.69816744773447 -0.26006867696907054 0.3195975380102754 0.7157635486470051 0.6209186388940315 -1.7189458867221226 -0.6981690456383762 0.6209168421894189 -0.3564018221024117 3.7487184694493223
-0.6406382734509545 -0.3196010165409143 0.6981674532773597 -0.2383107713745618 0.31959755691091357 0.7157635426064433 0.6209186361288004 -1.7118193283400478 -0.6981690369862842 0.6209168553852347 -0.3564018160618099 3.732015754851875
-0.6406382734509956 -0.319601003699643 0.6981674591556872 -0.21501097560738636 0.31959757695545365 0.7157635362002397 0.6209186331962756 -1.7041876576239625 -0.6981690278105512 0.6209168693797174 -0.35640180965556384 3.7141294281640005
-0.640638273451039 -0.3196009901769436 0.6981674653459505 -0.1902254915412822 0.3195975980635761 0.7157635294541674 0.620918630108089 -1.6960694166314418 -0.6981690181479444 0.6209168841167313 -0.35640180290944795 3.695102572189145
-0.6406382734510838 -0.31960097602396076 0.6981674718247378 -0.16401024644814743 0.31959762015558235 0.7157635223936214 0.6209186268759892 -1.687482943665096 -0.6981690080349474 0.6209168995406773 -0.35640179584885656 3.67497811102886
-0.6406382734511301 -0.3196010542888689 0.6981674359972674 -0.13642153373614363 0.3195976431513599 0.7157634323369966 0.6209187188523613 -1.678446487393615 -0.698168997508233 0.6209169630688189 -0.3564017057924159 3.653799345782166
-0.6406382734511775 -0.3196010390292291 0.6981674429826498 -0.10751528067702454 0.31959766697079617 0.7157634247243678 0.6209187153675336 -1.6689784945117707 -0.6981689866044741 0.6209169796988011 -0.35640169817973694 3.6316091509321318
-0.6406382734512259 -0.31960102329306317 0.6981674501861708 -0.07734750607668328 0.31959769153403716 0.7157634168740349 0.620918711773869 -1.6590973351097744 -0.6981689753602252 0.6209169968480759 -0.35640169032935276 3.608450520020434
-0.6406382734512753 -0.31960091413484465 0.698167500155615 -0.0459743202750067 0.31959771676097054 0.7157634915188039 0.6209186127424314 -1.6488214110654387 -0.6981689638121588 0.6209169669875214 -0.35640176497384773 3.5843665160288767
-0.6406382734513254 -0.31960089759951127 0.6981675077249669 -0.01345183361202329 0.3195977425716904 0.7157634832697635 0.6209186089662756 -1.638169015864413 -0.6981689519968534 0.620916985007756 -0.3564017567247581 3.559400251557745
-0.6406382734513757 -0.3196009737384054 0.6981674728707314 0.02016393510623038 0.31959776888603286 0.7157633921525494 0.6209187004571096 -1.6271584112047466 -0.6981689399510052 0.6209170508528002 -0.3564016656077112 3.533594769767199
-0.6406382734514262 -0.3196009566089837 0.698167480712041 0.05481696707414896 0.31959779562409224 0.7157633836071324 0.6209186965452805 -1.615808183960975 -0.6981689277111927 0.6209170695204728 -0.35640165706224186 3.5069929649619516
-0.6406382734514771 -0.3196009392593155 0.6981674886541723 0.0904510604175659 0.31959782270591086 0.7157633749518684 0.620918692583137 -1.6041365510141867 -0.6981689153140174 0.6209170884281366 -0.3564016484069259 3.479638068800896
-0.6406382734515279 -0.31960092174079135 0.6981674966736006 0.12701028786472524 0.3195978500513769 0.715763366212301 0.620918688582469 -1.5921619590591543 -0.6981689027961523 0.6209171075198944 -0.35640163966730687 3.4515729557671015
-0.6406382734515783 -0.3196009781824551 0.6981674708361875 0.16443853907559802 0.31959787758053243 0.7157632915325074 0.6209187604997692 -1.5799027015815275 -0.6981688901941993 0.62091716455528 -0.35640156498762954 3.422840738460854
-0.6406382734516283 -0.3196009604798392 0.6981674789398896 0.20267970371029742 0.31959790521331716 0.7157632827011347 0.6209187564570386 -1.5673771804591188 -0.6981688775448075 0.6209171838476206 -0.35640155615620384 3.393484479863956
-0.6406382734516777 -0.3196008686841208 0.6981675209612725 0.24167767142893748 0.3195979328698249 0.7157633397437289 0.6209186764659591 -1.5546037975697402 -0.6981688648845552 0.6209171653411257 -0.3564016131985837 3.3635472429582114
-0.6406382734517266 -0.31960092508034393 0.6981674951446674 0.28137660649361385 0.319597960469892 0.7157632650412832 0.6209187483728665 -1.5416008594284007 -0.6981688522501388 0.6209172224260092 -0.35640153849624956 3.3330718824050454
-0.6406382734517745 -0.319600907485975 0.6981675031988174 0.32172003242817704 0.3195979879337161 0.7157632562639028 0.620918744354859 -1.5283866782789923 -0.6981688396780894 0.620917241600389 -0.3564015297188194 3.30210183818373
-0.6406382734518216 -0.3196008900301986 0.6981675111895239 0.3626524796309867 0.3195980151811847 0.7157632475556797 0.6209187403684914 -1.5149796502704442 -0.6981688272050797 0.6209172606237096 -0.35640152101054784 3.270679587958223
-0.6406382734518673 -0.3196008727642667 0.698167519093326 0.404117425859039 0.31959804213234055 0.7157632389421433 0.62091873642549 -1.501398211932611 -0.6981688148677118 0.6209172794401614 -0.35640151239696405 3.2388485568093754
-0.6406382734519122 -0.31960085573954267 0.69816752688671 0.4460588065394442 0.3195980687069677 0.7157632304489526 0.6209187325375647 -1.4876607492495049 -0.6981688027027055 0.6209172979937275 -0.3564015039037281 3.206651772998927
-0.6406382734519556 -0.31960083900713665 0.6981675345462806 0.48842074016730197 0.31959809482531576 0.71576322210158 0.6209187287164019 -1.4737855846299348 -0.6981687907465687 0.620917316228738 -0.35640149555631145 3.174132125908367
-0.6406382734519976 -0.3196009156152032 0.6981674994772866 0.5311471621694359 0.3195981204073238 0.715763131218386 0.6209188203143446 -1.4597908872735883 -0.69816877903595 0.620917381562455 -0.35640140467326376 3.141332743036402
-0.6406382734520382 -0.3196008066244504 0.6981675493700579 0.574181779138115 0.3195981453728283 0.7157632059467177 0.6209187213211766 -1.4456952310256415 -0.6981687676075464 0.6209173515194089 -0.3564014794013665 3.1082967766266028
-0.6406382734520769 -0.3196008840736403 0.6981675139160296 0.6174688468695722 0.31959816964192295 0.7157631154831109 0.6209188131112179 -1.4315169990056649 -0.6981687564979362 0.6209174159364983 -0.3564013889379039 3.075066962281787
-0.6406382734521143 -0.3196008690232389 0.6981675208056334 0.6609521634897844 0.3195981931347542 0.7157631079748473 0.6209188096741696 -1.4172745164869096 -0.6981687457436736 0.6209174323384533 -0.3564013814296011 3.0416864820423664
-0.6406382734521496 -0.319600854521654 0.6981675274440063 0.7045756186587209 0.31959821577089953 0.7157631007403864 0.6209188063624463 -1.4029860769550253 -0.698168735381574 0.6209174481422922 -0.3564013741951027 3.008198448508627
-0.6406382734521833 -0.319600840619859 0.6981675338078139 0.748283102036496 0.3195982374708148 0.7157630938051371 0.6209188031877011 -1.3886700822878244 -0.6981687254480496 0.6209174632924876 -0.35640136725981847 2.9746459246623704
-0.6384117713937867 -0.32037176081080154 0.69985165929705 0.7920185032833664 0.3203691963988003 0.716148824982825 0.6200761553829547 -1.3743450427552812 -0.6998528332046919 0.6200748304444439 -0.3545605963790391 2.941071923866919
-0.6318524934709335 -0.32261674069693347 0.7047558904448062 0.8357261697291298 0.3226142205987749 0.7172852008813094 0.6175937218464133 -1.3600289845128781 -0.7047570440669672 0.617592405408897 -0.3491376943545965 2.9075192611404117
-0.6211014710339704 -0.32621357778023535 0.7126132642262958 0.8793496248980666 0.3262111035732735 0.7191477847619172 0.6135248809767492 -1.3457405449809943 -0.7126143968409178 0.6135235654348131 -0.34024925579817145 2.8740312276066717
-0.606258152150157 -0.33101592656413326 0.7231040791700495 0.9228328042171439 0.33101349671159425 0.7217193449977638 0.607907272575976 -1.331498001751478 -0.7231051914806312 0.6079059494830487 -0.32797749715014396 2.8406509011459224
-0.5873931948740911 -0.33685720657764645 0.7358644284053366 0.9661197346476098 0.3368548157565597 0.7249876375026493 0.600767641080927 -1.317319817412903 -0.7358655228485855 0.6007663005237828 -0.31238083237891817 2.8074211909612954
-0.5645626369027784 -0.34355372796709827 0.7504930812561103 1.0091545346844206 0.3435513867049559 0.7289429671047312 0.5921271784014416 -1.3032242059819166 -0.7504941530128555 0.5921258199981316 -0.29350560400962855 2.7743850360527618
-0.5378201468439682 -0.3509083664013302 0.7665590701559029 1.0518807736187095 0.3509059538136951 0.7335759354833176 0.5820063216648736 -1.2892296805929342 -0.7665601745635064 0.5820048670495164 -0.2713960823295748 2.741585742442565
-0.5072289644663113 -0.35871336667674714 0.7836092764725716 1.0942429818484065 0.35871103624257206 0.7388757978895862 0.5704287403092585 -1.2753543122183988 -0.7836103432728627 0.5704272748216559 -0.24610476235807668 2.7090659366501115
-0.4728735162641833 -0.3667545180050494 0.8011752374723218 1.1361843167618146 0.3667522275708505 0.7448277773886396 0.5574265741800604 -1.2616168654290931 -0.8011762859619388 0.5574250672092019 -0.21770129365497687 2.676869187559726
-0.43486846869201734 -0.37481425860480466 0.8187818308218561 1.177649308756864 0.37481202039475703 0.751412048771385 0.5430431680159413 -1.2480354111974594 -0.8187828554049359 0.5430416231816123 -0.1862805174655139 2.645038121690815
-0.39336611359975 -0.3826759563727381 0.8359558679055007 1.218581481357691 0.3826738001704763 0.7586022381142989 0.5273361423144283 -1.2346284785517145 -0.8359568549479781 0.527334577609118 -0.15196835171606682 2.613616079785685
-0.3485626689628737 -0.39012797470577304 0.852234843900113 1.258925090360386 0.3901258611628616 0.7663643072841614 0.5103798203032749 -1.2214143422192665 -0.8522358114145484 0.5103782047392299 -0.11492697624903836 2.5826458470656353
-0.3007015904305531 -0.39696783905583527 0.8671765035261717 1.2986241169590564 0.39696574855054356 0.774656093554759 0.4922663214116798 -1.208411372290326 -0.8671774604948185 0.4922646356115998 -0.07535768398734402 2.552170417072344
-0.25007452722056617 -0.4030066274859125 0.8803683257806594 1.3376220846775533 0.4030046086790429 0.7834271082897841 0.47310596210590944 -1.1956378810087849 -0.8803692499280412 0.47310424242352517 -0.03350163551232208 2.522233229785082
-0.19702166789109168 -0.4080731823984317 0.8914363354657632 1.3758631577782585 0.4080712535518447 0.7926183952601192 0.45302751739811503 -1.1831123916739772 -0.8914372184321443 0.4530257799535139 0.010359936846909345 2.49287704062831
-0.14192768552693166 -0.41201820194095035 0.9000541835635867 1.4132915005231257 0.4120163062282565 0.8021632736529113 0.43217663727284955 -1.1708531024087496 -0.9000550513624108 0.43217482998410595 0.05590904081825381 2.4641447538819365
-0.0852164360381841 -0.414717522941394 0.9059511770478057 1.4498507279702852 0.41471580855957535 0.8119884094689732 0.41071355105331614 -1.1588785104537171 -0.9059519618388868 0.4107118199582301 0.10279515449120485 2.436079640848142
-0.027344569488620542 -0.4160759351947201 0.9089186380921678 1.4854849128476961 0.41607428872477004 0.8220145661426941 0.38881131582223155 -1.1472068457193276 -0.9089193917953664 0.38880955389634836 0.15064086436708948 2.408724675246961
0.03120827026041862 -0.41602883514134137 0.9088157416100863 1.5201374871456437 0.41602725701711113 0.8321587014796518 0.3666513561552969 -1.1358567774135613 -0.9088164640267975 0.36664956550177236 0.19904956877921218 2.382123217642341
0.0899476605681399 -0.41454438148336814 0.9055729535155576 1.5537533473980352 0.4145428805563038 0.8423351613686952 0.34442078349318 -1.124846249358456 -0.9055736405938507 0.3444189769779617 0.24761249919794748 2.356317616793187
0.1483750187701093 -0.4116244281187215 0.8991941859136463 1.5862761086628576 0.41162296058400283 0.8524575482894816 0.32230834100957867 -1.114193650402465 -0.8991948577060649 0.32230646679863834 0.29591747047909844 2.3313511936201614
0.20600068635750265 -0.4073042447652817 0.8897566911332678 1.6176492029305405 0.40730284397256983 0.8624410590034144 0.3004992729390966 -1.1039177581457302 -0.8897573323733243 0.30049737426681894 0.3435596273525937 2.3072672590687295
0.26235144470622185 -0.4016520326577693 0.877409462065711 1.6478171605988696 0.4016507339193974 0.8722037081075014 0.2791726696966127 -1.0940365351685322 -0.8774100565884617 0.27917080116911724 0.39014773659733754 2.2841084892767807
0.31698307720876406 -0.39476708598873783 0.862369222887287 1.67672323059 0.39476585407996556 0.8816685130118467 0.2584967187722013 -1.08456860586189 -0.8623697868175682 0.25849483744059515 0.4353145641955737 2.261918433306998
0.36948768552412153 -0.3867773075013225 0.8449154778130504 1.7043121263699925 0.38677614430476936 0.8907648186380099 0.2386257573555913 -1.0755320860152064 -0.8449160102890488 0.23862387198019552 0.4787228668848138 2.2407395291800527
0.41950116196373 -0.37783638227702665 0.8253838157723283 1.7305269137931563 0.37783523709434613 0.8994295299593954 0.21969764278862938 -1.066945771986866 -0.8253843400022438 0.2196956732956513 0.5200716320029682 2.220615415220396
0.46670920302351 -0.3681198991117258 0.8041581061527223 1.7553124893932543 0.36811883203721635 0.907608224566526 0.20183120719738598 -1.0588274992067443 -0.8041585946271518 0.20182926095383502 0.5591009784556926 2.2015884898054146
0.5108515847419777 -0.3578215630370454 0.7816612996639501 1.7786122851605728 0.3578205581295987 0.9152557983252633 0.1851250167098094 -1.0511959368828214 -0.7816617596802549 0.1851230743524709 0.5955957864154657 2.183702113499057
0.5517227286493431 -0.34714879298850415 0.7583467190001867 1.8003702822889327 0.347147914938052 0.9223366536848001 0.1696567783016288 -1.0440692383209833 -0.7583471209452083 0.16965498164259635 0.6293860749635029 2.166999379079967
0.5891693788750195 -0.33631927119622235 0.7346895880697274 1.820530461972585 0.33631846893182205 0.9288242122800034 0.1554846299085096 -1.0374658820036038 -0.7346899553222289 0.15548289457195283 0.6603451665940686 2.151523230471338
0.6230903415669939 -0.325555695250725 0.7111764306666414 1.839036439269804 0.3255549321016276 0.9347009469840976 0.14264685727816087 -1.0314044735634607 -0.7111767800134026 0.14264511557304876 0.6883893945819619 2.137316889356868
0.6534283957710735 -0.31508275857168583 0.6882980363555443 1.855832561510531 0.3150819766862143 0.939956941198363 0.13116515032784046 -1.0259031475481981 -0.6882983942793629 0.1311632720843522 0.7134714545716436 2.1244231211362137
0.680164741362728 -0.305122769597876 0.6665403364237567 1.8708628098885873 0.3051220231060214 0.9445889593654013 0.12104647397044135 -1.0209800572637031 -0.6665406781454992 0.12104459227040931 0.7355757819962729 2.112885018588019
0.7033089443670953 -0.2958929424708368 0.6463775176854405 1.8840707994625334 0.2958921644133913 0.9485986359238493 0.11228737668220323 -1.016654025127078 -0.646377873857081 0.11228532637598934 0.754710308442012 2.1027457041590147
0.7228875675179688 -0.2876021927376024 0.6282662997968912 1.8954008775618814 0.28760144533041954 0.9519905953979851 0.10487761876417473 -1.01294286050948 -0.6282666419378063 0.10487556915846939 0.7708969721187646 2.0940480921043076
0.7389328202342539 -0.28044861916489916 0.6126392569768553 1.904796659245191 0.28044789849940394 0.9547704057523835 0.09880510374822257 -1.0098653858280116 -0.6126395868762644 0.09880305819118317 0.7841624144806673 2.086835304870629
0.7514687125235864 -0.27461699828962033 0.5999002236610201 1.9122021257062842 0.27461637162357366 0.9569422376099723 0.09406063105424382 -1.0074397543885594 -0.5999005105302434 0.09405880144047098 0.7945264749126585 2.081150435236622
0.7604974365061983 -0.2702766276102325 0.5904186596264897 1.9175601597314813 0.2702760212107655 0.9585064482214435 0.09064359368643266 -1.0056848261247093 -0.5904189372182932 0.0906417855381994 0.8019909882838262 2.077037260406987
0.7659843012701829 -0.26757876520648566 0.5845251531099428 1.920817305466585 0.26757816708229765 0.9594570373623801 0.08856702522204594 -1.0046179726816813 -0.584525426913584 0.08856521815237035 0.8065272639068783 2.0745368792183694
0.7678430048851399 -0.26665423198712523 0.5825054853066325 1.9219149811538643 0.2666536305973332 0.9597790534125668 0.08786358699562773 -1.0042584542025152 -0.5825057606051807 0.08786176184116541 0.808063951471631 2.073694229535963
0.7678430048851399 -0.26665423198712523 0.5825054853066325 1.9228083578518187 0.2666536305973332 0.9597790534125668 0.08786358699562773 -1.0047041376065147 -0.5825057606051807 0.08786176184116541 0.808063951471631 2.0746678327763837
0.7678430048851399 -0.26665423198712523 0.5825054853066325 1.925458550891006 0.2666536305973332 0.9597790534125668 0.08786358699562773 -1.0060262529668833 -0.5825057606051807 0.08786176184116541 0.808063951471631 2.0775560170513954
0.7678430048851399 -0.26665423198712523 0.5825054853066325 1.9298203492092627 0.2666536305973332 0.9597790534125668 0.08786358699562773 -1.0082022456097306 -0.5825057606051807 0.08786176184116541 0.808063951471631 2.082309511278905
0.7678430048851399 -0.26665423198712523 0.5825054853066325 1.9358489235946128 0.2666536305973332 0.9597790534125668 0.08786358699562773 -1.011209751356723 -0.5825057606051807 0.08786176184116541 0.808063951471631 2.088879460517714
0.7678430048851399 -0.26665423198712523 0.5825054853066325 1.9434989866148547 0.2666536305973332 0.9597790534125668 0.08786358699562773 -1.0150261774348595 -0.5825057606051807 0.08786176184116541 0.808063951471631 2.097216510457551
0.7678430048851399 -0.26665423198712523 0.5825054853066325 1.9527256326879752 0.2666536305973332 0.9597790534125668 0.08786358699562773 -1.0196291215666942 -0.5825057606051807 0.08786176184116541 0.808063951471631 2.1072717229290383
0.7678430048851399 -0.26665423198712523 0.5825054853066325 1.96348395623196 0.2666536305973332 0.9597790534125668 0.08786358699562773 -1.0249961814747826 -0.5825057606051807 0.08786176184116541 0.808063951471631 2.1189961597628
0.7678430048851399 -0.26665423198712523 0.5825054853066325 1.975728593444571 0.2666536305973332 0.9597790534125668 0.08786358699562773 -1.0311047262870119 -0.5825057606051807 0.08786176184116541 0.808063951471631 2.1323403834203836
0.7678430048851399 -0.26665423198712523 0.5825054853066325 1.989414715113832 0.2666536305973332 0.9597790534125668 0.08786358699562773 -1.037932391825048 -0.5825057606051807 0.08786176184116541 0.808063951471631 2.1472555389605925
0.7678430048851399 -0.26665423198712523 0.5825054853066325 2.004497262917654 0.2666536305973332 0.9597790534125668 0.08786358699562773 -1.0454566996132235 -0.5825057606051807 0.08786176184116541 0.808063951471631 2.163692521757691
0.7678430048851399 -0.26665423198712523 0.5825054853066325 2.020931102163911 0.2666536305973332 0.9597790534125668 0.08786358699562773 -1.0536551330767598 -0.5825057606051807 0.08786176184116541 0.808063951471631 2.181602143957765
0.7678430048851399 -0.26665423198712523 0.5825054853066325 2.0386714036406266 0.2666536305973332 0.9597790534125668 0.08786358699562773 -1.062505328037323 -0.5825057606051807 0.08786176184116541 0.808063951471631 2.2009355506196178
0.7678430048851399 -0.26665423198712523 0.5825054853066325 2.0576727271755253 0.2666536305973332 0.9597790534125668 0.08786358699562773 -1.0719846155236887 -0.5825057606051807 0.08786176184116541 0.808063951471631 2.2216432209766173
0.7678430048851399 -0.26665423198712523 0.5825054853066325 2.0778903962967057 0.2666536305973332 0.9597790534125668 0.08786358699562773 -1.0820707075557463 -0.5825057606051807 0.08786176184116541 0.808063951471631 2.2436764665439246
0.7678430048851399 -0.26665423198712523 0.5825054853066325 2.0992791999420035 0.2666536305973332 0.9597790534125668 0.08786358699562773 -1.092741049459605 -0.5825057606051807 0.08786176184116541 0.808063951471631 2.2669860162394473
0.7678430048851399 -0.26665423198712523 0.5825054853066325 2.1217942325294055 0.2666536305973332 0.9597790534125668 0.08786358699562773 -1.10397323895782 -0.5825057606051807 0.08786176184116541 0.808063951471631 2.2915229318938075
0.7678428521450937 -0.26665430818562763 0.5825056517629097 2.1453902066267108 0.26665370679557354 0.9597790269506301 0.08786364480194267 -1.1157446832773903 -0.5825059270615778 0.0878618196473643 0.8080638251935215 2.3172378591967338
0.7678428521450937 -0.26665430818562763 0.5825056517629097 2.170022216651905 0.26665370679557354 0.9597790269506301 0.08786364480194267 -1.1280329801408704 -0.5825059270615778 0.0878618196473643 0.8080638251935215 2.344081859978848
0.7678428521450937 -0.26665430818562763 0.5825056517629097 2.1956452806529376 0.26665370679557354 0.9597790269506301 0.08786364480194267 -1.1408156891717036 -0.5825059270615778 0.0878618196473643 0.8080638251935215 2.3720059128425963
0.7678428521450937 -0.26665430818562763 0.5825056517629097 2.2222142639376825 0.26665370679557354 0.9597790269506301 0.08786364480194267 -1.154070293795112 -0.5825059270615778 0.0878618196473643 0.8080638251935215 2.400960829934063
0.7678428521450937 -0.26665430818562763 0.5825056517629097 2.249684031814013 0.26665370679557354 0.9597790269506301 0.08786364480194267 -1.1677742774363158 -0.5825059270615778 0.0878618196473643 0.8080638251935215 2.4308974233993337
0.7678428521450937 -0.26665430818562763 0.5825056517629097 2.278009907810028 0.26665370679557354 0.9597790269506301 0.08786364480194267 -1.1819053521152043 -0.5825059270615778 0.0878618196473643 0.8080638251935215 2.4617670047535705
0.7678428521450937 -0.26665430818562763 0.5825056517629097 2.307146375383414 0.26665370679557354 0.9597790269506301 0.08786364480194267 -1.196440810761442 -0.5825059270615778 0.0878618196473643 0.8080638251935215 2.4935199700019623
0.7678428521450937 -0.26665430818562763 0.5825056517629097 2.3370486053221953 0.26665370679557354 0.9597790269506301 0.08786364480194267 -1.2113582891966952 -0.5825059270615778 0.0878618196473643 0.8080638251935215 2.5261074642033123
0.7678428521450937 -0.26665430818562763 0.5825056517629097 2.367671768414395 0.26665370679557354 0.9597790269506301 0.08786364480194267 -1.2266354232426302 -0.5825059270615778 0.0878618196473643 0.8080638251935215 2.5594806324164225
0.7678430048851399 -0.26665423198712523 0.5825054853066325 2.3989704244877372 0.2666536305973332 0.9597790534125668 0.08786358699562773 -1.2422495439280228 -0.5825057606051807 0.08786176184116541 0.808063951471631 2.593589953874662
0.7678430048851399 -0.26665423198712523 0.5825054853066325 2.4308997443302456 0.2666536305973332 0.9597790534125668 0.08786358699562773 -1.2581782870745397 -0.5825057606051807 0.08786176184116541 0.808063951471631 2.6283865736368335
0.7678430048851399 -0.26665423198712523 0.5825054853066325 2.4634145932497944 0.2666536305973332 0.9597790534125668 0.08786358699562773 -1.2743991361074012 -0.5825057606051807 0.08786176184116541 0.808063951471631 2.663821303849023
0.7678428521450937 -0.26665430818562763 0.5825056517629097 2.4964700656643695 0.26665370679557354 0.9597790269506301 0.08786364480194267 -1.290889688749163 -0.5825059270615778 0.0878618196473643 0.8080638251935215 2.699845206341853
0.7678428521450937 -0.26665430818562763 0.5825056517629097 2.5300209505118074 0.26665370679557354 0.9597790269506301 0.08786364480194267 -1.3076273903259346 -0.5825059270615778 0.0878618196473643 0.8080638251935215 2.7364090100332312
0.7678428521450937 -0.26665430818562763 0.5825056517629097 2.564022265840057 0.26665370679557354 0.9597790269506301 0.08786364480194267 -1.3245898004611596 -0.5825059270615778 0.0878618196473643 0.8080638251935215 2.773463693525602
0.7678428521450937 -0.26665430818562763 0.5825056517629097 2.5984291442521235 0.26665370679557354 0.9597790269506301 0.08786364480194267 -1.341754535926949 -0.5825059270615778 0.0878618196473643 0.8080638251935215 2.8109603602636763
0.7678428521450937 -0.26665430818562763 0.5825056517629097 2.6331962219457683 0.26665370679557354 0.9597790269506301 0.08786364480194267 -1.3590989658511894 -0.5825059270615778 0.0878618196473643 0.8080638251935215 2.848849572709004
0.7678428521450937 -0.26665430818562763 0.5825056517629097 2.668278784264071 0.26665370679557354 0.9597790269506301 0.08786364480194267 -1.3766007832042146 -0.5825059270615778 0.0878618196473643 0.8080638251935215 2.887082600762657
0.7678428521450937 -0.26665430818562763 0.5825056517629097 2.7036314292197745 0.26665370679557354 0.9597790269506301 0.08786364480194267 -1.394237338064356 -0.5825059270615778 0.0878618196473643 0.8080638251935215 2.925609965272092
0.7678428521450937 -0.26665430818562763 0.5825056517629097 2.7392094803409774 0.26665370679557354 0.9597790269506301 0.08786364480194267 -1.4119863424515022 -0.5825059270615778 0.0878618196473643 0.8080638251935215 2.9643829777524715
0.7678428521450937 -0.26665430818562763 0.5825056517629097 2.7749675738254416 0.26665370679557354 0.9597790269506301 0.08786364480194267 -1.4298251654935406 -0.5825059270615778 0.0878618196473643 0.8080638251935215 3.0033522006653426
0.7678428521450937 -0.26665430818562763 0.5825056517629097 2.8108606895360966 0.26665370679557354 0.9597790269506301 0.08786364480194267 -1.4477313477643594 -0.5825059270615778 0.0878618196473643 0.8080638251935215 3.0424685709990604
0.7678428521450937 -0.26665430818562763 0.5825056517629097 2.846844227371079 0.26665370679557354 0.9597790269506301 0.08786364480194267 -1.4656826393829585 -0.5825059270615778 0.0878618196473643 0.8080638251935215 3.0816834834969655
0.7678428521450937 -0.26665430818562763 0.5825056517629097 2.8828725944180373 0.26665370679557354 0.9597790269506301 0.08786364480194267 -1.4836562951798913 -0.5825059270615778 0.0878618196473643 0.8080638251935215 3.1209472509360676
0.7696949629608252 -0.2657276017738929 0.5804812707126987 2.918900923279977 0.26572700999718196 0.9600999027674912 0.08716268045334279 -1.5016299319272686 -0.5804815416106627 0.0871608763227483 0.8095950601924143 3.16021097676108
0.7750886848380556 -0.26299739074408696 0.5745171042691553 2.9548842701898654 0.26299680932841213 0.9610343555118702 0.08512135929929145 -1.5195811282980893 -0.5745173704241572 0.08511956289647112 0.8140543293252763 3.1994256811885373
0.7837301119342669 -0.25852253122712077 0.5647417219361642 2.9907775768256144 0.2585219596871097 0.9625314665319259 0.08185091505558466 -1.5374874058166863 -0.5647419835704071 0.08184910985357445 0.8211986454014276 3.2385422595927036
0.7952679375064147 -0.25234424224705443 0.5512452185543684 3.026535593940041 0.25234369916460053 0.9645303755377999 0.07748427038332532 -1.5553261907596134 -0.5512454671616076 0.07748250169987149 0.8307375619677435 3.2775113992773957
0.8093016520051286 -0.24449211131349505 0.5340921676707489 3.062113606876225 0.24449159185364208 0.9669616918630987 0.07217304193482411 -1.5730751760972042 -0.5340924054642997 0.07217128220229513 0.8423399601411742 3.316284370143685
0.8253901864515054 -0.2349893342856221 0.5133332766162243 3.097466442757022 0.2349888466433229 0.9697490032279455 0.06608413343342534 -1.5907118262051236 -0.5133334998446817 0.06608239939958328 0.8556411832227362 3.3548119427235683
0.8430596877337303 -0.22385821312571885 0.48901724236929056 3.132548699595175 0.22385775668155236 0.9728102145907784 0.05939689521638819 -1.6082134911617036 -0.48901745131621643 0.059395174921907046 0.8702494731421491 3.393044637864504
0.8618114173071882 -0.21112523019237234 0.4612019277661283 3.1673159300288947 0.2111248082517967 0.9760589212592062 0.05230007238003304 -1.625557997284167 -0.4612021209183858 0.052298369061878014 0.8857524960472029 3.43093401676619
0.8811302779927433 -0.1968255300879064 0.42996411932863127 3.20172254114583 0.19682515020851538 0.9794058843354035 0.0449885982731347 -1.6427225994030665 -0.4299642932265727 0.044986936268218855 0.9017243936566056 3.468430392205638
0.900493946114792 -0.18100667772968465 0.3954076828134124 3.2357241619542294 0.18100633162077012 0.9827606108388718 0.03766018715831747 -1.6596851619347368 -0.3954078412522971 0.037658523615109886 0.9177333352751923 3.505485408610725
0.9193819347633914 -0.16373207202841952 0.3576711710775746 3.269275123171705 0.16373177247368922 0.9860329297264222 0.030511771134311975 -1.6764229016106196 -0.35767130820537907 0.030510163624749887 0.9333490050362959 3.542049295530282
0.9372854870138401 -0.14508351733772937 0.31693325611261064 3.3023305955862803 0.14508326498950314 0.989134698766273 0.02373592038535999 -1.6929134542523814 -0.31693337163071744 0.02373437788245808 0.9481507882469531 3.5780731980231124
0.9537183343996384 -0.1251622090764791 0.27341499602083863 3.3348452917657543 0.12516200235799577 0.9919816728786883 0.01751667315834244 -1.7091342270870205 -0.2734150906510402 0.017515196027874404 0.9617366615203918 3.6135077617789433
0.9682266307032289 -0.10408969442390233 0.22738189706265508 3.366774458868188 0.10408952558985798 0.994495223902113 0.012025817991491534 -1.7250628940353145 -0.2273819743505442 0.012024356557621567 0.9737314068005734 3.6483042150847567
0.9803991131371457 -0.08200758151311414 0.17914333795669943 3.3980735731617546 0.08200745526631383 0.9966041021588453 0.007418951469400863 -1.740677243315375 -0.1791433957494438 0.007417555832734041 0.9837950109778085 3.6824140359120716
0.9898769866420528 -0.059075860337867644 0.12904880488323017 3.4286964307738046 0.05907577574695049 0.9982461467210116 0.003831876374364376 -1.7559542249648648 -0.12904884360716015 0.0038305720190529927 0.9916308399206136 3.715786871212465
0.9963624566054754 -0.03547081949091962 0.07748339197366509 3.4585983552324358 0.035470771369968054 0.9993697650821423 0.001377322795511504 -1.7708715510036728 -0.07748341400274956 0.0013760829575929293 0.9969926915229481 3.748374032501098
0.9996260732039364 -0.011382658631040328 0.024862599489347922 3.487735357396084 0.011382644139651106 0.9999352055093519 0.00014211038054929176 -1.7854072763436897 -0.02486260612382754 0.00014094488070391312 0.9996908676942448 3.7801275803467442
0.9995129125700399 0.01298860738756084 -0.0283766397568054 3.516060851541912 -0.01298859201551799 0.9999156275903799 0.00018487290562059388 -1.7995381605270215 0.0283766467929199 0.00018378974022034705 0.9995972849793667 3.810996745560085
0.9959465240498806 0.03743771820147603 -0.08178593087339407 3.5435308485283548 -0.03743767636036574 0.9992977862076612 0.0015345583091168164 -1.8132422584655594 0.08178595002625595 0.0015335371969526165 0.9966487378419582 3.8409335887098934
0.9889312114406829 0.061756986816546046 -0.1349115770340125 3.5700995263329496 -0.06175692108818531 0.9980824267125121 0.0041895328344033825 -1.8264967106925223 0.13491160712174094 0.004188563835475089 0.9908487847279348 3.8698881728886434
0.9785518124852981 0.08574274070080551 -0.187308656230438 3.595722590333982 -0.08574265472614948 0.9962842468087015 0.008117679553317178 -1.839279419723356 0.18730869558632426 0.008116771398312104 0.982267565676388 3.897812225752391
0.9649722240040256 0.10919783559078278 -0.23854651454802872 3.620354676729214 -0.10919773663801695 0.9939316411973728 0.013256958166612782 -1.851567754685947 0.2385465598449468 0.013256143065967854 0.9710405828064839 3.924656309762685
0.9484312355571121 0.1319368806207876 -0.2882201432094324 3.6439508799366314 -0.13193676803645993 0.9910659789802176 0.019517032255853443 -1.863339313302851 0.2882201947464873 0.019516271161231058 0.9573652565767456 3.9503714867501487
0.9292357454858133 0.15379082542571407 -0.33596028236430303 3.6664656834139215 -0.15379071058487576 0.9877404301785772 0.026781708840888086 -1.8745713885037325 0.3359603349343843 0.02678104937295503 0.9414953153071234 3.9749081527199714
0.9077549220961082 0.17460797840563463 -0.3814355191737992 3.6878544870592194 -0.17460785685862015 0.9840189509948044 0.0349113220363291 -1.8852417304075912 0.38143557481379203 0.03491071411733214 0.923735971101207 3.998217702415494
0.8844107571307694 0.1942575777312983 -0.4243602316020525 3.7080723852905115 -0.19425745543835812 0.9799746511704079 0.04374613205817808 -1.8953279367369826 0.4243602875835501 0.04374558900513114 0.9044361059602832 4.020251197667339
0.8596689667638205 0.2126308940715338 -0.4644969003874679 3.7270735560853354 -0.21263077695566798 0.9756882149354006 0.05310988540187716 -1.9048071480251259 0.464496953999113 0.05310941651451018 0.8839807518283609 4.04095870156798
0.834027507688454 0.2296428031838398 -0.5016595452743364 3.7448137048219765 -0.2296426870326036 0.9712459108929332 0.06281414543080371 -1.9136572667874663 0.5016595984444346 0.06281372079111935 0.8627815967954717 4.060291941773475
0.8080095988330143 0.24522915622830888 -0.5357080820085348 3.7612476204382705 -0.24522905504582793 0.9667383877328959 0.07266085772223803 -1.9218557383501138 0.5357081283264625 0.0726605162323576 0.8412712111000862 4.078201647201728
0.7821500639110714 0.259348029153231 -0.5665508602925616 3.7763300918720555 -0.2593479311113864 0.9622582990283534 0.08244765963509053 -1.929380008039178 0.5665509051728277 0.08244735123334765 0.8198917648826914 4.094638546770647
0.756988377931913 0.2719757265287733 -0.5941361795541131 3.7900162135413162 -0.2719756428159426 0.9578991107840554 0.0919703390989219 -1.9362076735772145 0.5941362178750478 0.09197009154209733 0.79908926714784 4.109553702310856
0.7330591807471449 0.2831042838097675 -0.6184466040095001 3.8022610798640395 -0.2831042109736346 0.9537534460556164 0.10102657999770309 -1.9423163326867774 0.6184466373514538 0.1010263758906312 0.7793057346915165 4.122898175652978
0.7108843808484906 0.2927375446405304 -0.6394905214492953 3.8130191742979123 -0.29273747536727845 0.9499117235959594 0.10941886441809513 -1.947683278297532 0.6394905531602874 0.10941867908536868 0.7609726572525211 4.134622362802201
0.6909657292419683 0.30088675591471914 -0.657292568897771 3.82224589674107 -0.3008867080972328 0.9464608750303743 0.116957261113403 -1.952286260528478 0.6572925907870296 0.11695713809705806 0.7445048542115895 4.144677658501868
0.6737788115866781 0.3075654241310001 -0.6718821495887222 3.8298957306511996 -0.3075653765877026 0.9434832877299135 0.1234618357988332 -1.9561025723092802 0.6718821713524691 0.12346171735996303 0.7302955238567604 4.153014458757167
0.6597687851050013 0.3127831106351966 -0.6832802323369535 3.8359246868867367 -0.3127830727097782 0.9410560896709401 0.12876406920981154 -1.9591102685518293 0.6832802496979554 0.12876397708446977 0.7187126954340587 4.159584824136872
0.6493406291395311 0.316541262979881 -0.6914899682423309 3.840286637945068 -0.3165412393740353 0.9392494419124636 0.13271069905126487 -1.9612863373928995 0.6914899790483068 0.1327106427466444 0.7100911872270664 4.16433848482074
0.6428587870518429 0.31882513077030405 -0.6964790850409882 3.8429366782441807 -0.31882510692021065 0.9381264797632997 0.13516382343007208 -1.9626083765550453 0.696479095958773 0.13516376717233797 0.7047323072885423 4.1672265026393935
0.6406379317235522 0.3195986602881131 -0.6981688454657745 3.8438299022020606 -0.3195986298038184 0.937741721107281 0.13600433935090525 -1.9630539837608223 0.6981688594204779 0.1360042677153833 0.7028962106162696 4.168199939423456
0.6406379317235522 0.3195986602881131 -0.6981688454657745 3.8427591375377403 -0.3195986298038184 0.937741721107281 0.13600433935090525 -1.9634258351177487 0.6981688594204779 0.1360042677153833 0.7028962106162696 4.169012250012334
0.6406379317235522 0.3195986602881131 -0.6981688454657745 3.8395827706375103 -0.3195986298038184 0.937741721107281 0.13600433935090525 -1.964528912555121 0.6981688594204779 0.1360042677153833 0.7028962106162696 4.171421926529682
0.6406379317235522 0.3195986602881131 -0.6981688454657745 3.834354806557956 -0.3195986298038184 0.937741721107281 0.13600433935090525 -1.9663444613883279 0.6981688594204779 0.1360042677153833 0.7028962106162696 4.175387999301416
0.6406379317235522 0.3195986602881131 -0.6981688454657745 3.8271293418896577 -0.3195986298038184 0.937741721107281 0.13600433935090525 -1.9688536951451563 0.6981688594204779 0.1360042677153833 0.7028962106162696 4.180869429213326
0.6406379317235522 0.3195986602881131 -0.6981688454657745 3.8179601986212144 -0.3195986298038184 0.937741721107281 0.13600433935090525 -1.972037922716197 0.6981688594204779 0.1360042677153833 0.7028962106162696 4.187825385471579
0.6406379317235522 0.3195986602881131 -0.6981688454657745 3.8069014733432067 -0.3195986298038184 0.937741721107281 0.13600433935090525 -1.9758783576292371 0.6981688594204779 0.1360042677153833 0.7028962106162696 4.196214828961966
0.6406379317235522 0.3195986602881131 -0.6981688454657745 3.7940071253452237 -0.3195986298038184 0.937741721107281 0.13600433935090525 -1.9803562610934657 0.6981688594204779 0.1360042677153833 0.7028962106162696 4.205996824730465
0.6406379317235522 0.3195986602881131 -0.6981688454657745 3.7793311139168546 -0.3195986298038184 0.937741721107281 0.13600433935090525 -1.9854528943180718 0.6981688594204779 0.1360042677153833 0.7028962106162696 4.217130437823053
0.6406379317235522 0.3195986602881131 -0.6981688454657745 3.762927489881683 -0.3195986298038184 0.937741721107281 0.13600433935090525 -1.991149486724643 0.6981688594204779 0.1360042677153833 0.7028962106162696 4.229574663845586
0.6406379317235522 0.3195986602881131 -0.6981688454657745 3.744850166762302 -0.3195986298038184 0.937741721107281 0.13600433935090525 -1.9974273154161688 0.6981688594204779 0.1360042677153833 0.7028962106162696 4.243288602564102
0.6406379317235522 0.3195986602881131 -0.6981688454657745 3.7251531953822945 -0.3195986298038184 0.937741721107281 0.13600433935090525 -2.0042676098142373 0.6981688594204779 0.1360042677153833 0.7028962106162696 4.2582312495844565
0.6406379317235522 0.3195986602881131 -0.6981688454657745 3.703890580798247 -0.3195986298038184 0.937741721107281 0.13600433935090525 -2.0116516152342365 0.6981688594204779 0.1360042677153833 0.7028962106162696 4.274361635232564
0.6406379317235522 0.3195986602881131 -0.6981688454657745 3.6811162822997487 -0.3195986298038184 0.937741721107281 0.13600433935090525 -2.0195605928853557 0.6981688594204779 0.1360042677153833 0.7028962106162696 4.291638824554403
0.6406379317235522 0.3195986602881131 -0.6981688454657745 3.6568842134093926 -0.3195986298038184 0.937741721107281 0.13600433935090525 -2.0279758198705844 0.6981688594204779 0.1360042677153833 0.7028962106162696 4.310021917316016
0.6406379317235522 0.3195986602881131 -0.6981688454657745 3.6312484249507615 -0.3195986298038184 0.937741721107281 0.13600433935090525 -2.0368785256115096 0.6981688594204779 0.1360042677153833 0.7028962106162696 4.329469909123254
0.6406379317235522 0.3195986602881131 -0.6981688454657745 3.6042629677474394 -0.3195986298038184 0.937741721107281 0.13600433935090525 -2.0462499395297202 0.6981688594204779 0.1360042677153833 0.7028962106162696 4.349941795581971
0.6406382978596178 0.3195985331379189 -0.6981685677052657 3.575981801089015 -0.3195985026534482 0.9377417845393617 0.13600420078294315 -2.0560713228344047 0.6981685816600497 0.1360041291469631 0.7028965133202546 4.371396641738146
0.6406382978596178 0.3195985331379189 -0.6981685677052657 3.546458838498082 -0.3195985026534482 0.9377417845393617 0.13600420078294315 -2.0663239526285526 0.6981685816600497 0.1360041291469631 0.7028965133202546 4.393793547357819
0.6406382978596178 0.3195985331379189 -0.6981685677052657 3.5157481307982232 -0.3195985026534482 0.9377417845393617 0.13600420078294315 -2.0769890583337522 0.6981685816600497 0.1360041291469631 0.7028965133202546 4.417091508046844
0.6406382978596178 0.3195985331379189 -0.6981685677052657 3.4839036372790275 -0.3195985026534482 0.9377417845393617 0.13600420078294315 -2.0880479011591913 0.6981685816600497 0.1360041291469631 0.7028965133202546 4.441249588851199
0.6406382978596178 0.3195985331379189 -0.6981685677052657 3.45097938588058 -0.3195985026534482 0.9377417845393617 0.13600420078294315 -2.099481718473359 0.6981685816600497 0.1360041291469631 0.7028965133202546 4.466226802736769
0.6406382978596178 0.3195985331379189 -0.6981685677052657 3.4170293358924715 -0.3195985026534482 0.9377417845393617 0.13600420078294315 -2.1112717714854434 0.6981685816600497 0.1360041291469631 0.7028965133202546 4.491982214749532
0.6406382978596178 0.3195985331379189 -0.6981685677052657 3.3821074237207913 -0.3195985026534482 0.9377417845393617 0.13600420078294315 -2.1233993293515345 0.6981685816600497 0.1360041291469631 0.7028965133202546 4.518474907295498
0.6406382978596178 0.3195985331379189 -0.6981685677052657 3.3462678374901147 -0.3195985026534482 0.9377417845393617 0.13600420078294315 -2.1358455738118183 0.6981685816600497 0.1360041291469631 0.7028965133202546 4.5456637718203305
0.6406382978596178 0.3195985331379189 -0.6981685677052657 3.309564330538544 -0.3195985026534482 0.9377417845393617 0.13600420078294315 -2.1485918375975857 0.6981685816600497 0.1360041291469631 0.7028965133202546 4.573508029610292
0.6406379317235522 0.3195986602881131 -0.6981688454657745 3.2720510452236575 -0.3195986298038184 0.937741721107281 0.13600433935090525 -2.161619318342824 0.6981688594204779 0.1360042677153833 0.7028962106162696 4.601966606831111
0.6406379317235522 0.3195986602881131 -0.6981688454657745 3.23378184930105 -0.3195986298038184 0.937741721107281 0.13600433935090525 -2.174909309044323 0.6981688594204779 0.1360042677153833 0.7028962106162696 4.630998637968888
0.6406379317235522 0.3195986602881131 -0.6981688454657745 3.194810816477804 -0.3195986298038184 0.937741721107281 0.13600433935090525 -2.188443031176771 0.6981688594204779 0.1360042677153833 0.7028962106162696 4.660563101269448
0.6406382978596178 0.3195985331379189 -0.6981685677052657 3.155192020461001 -0.3195985026534482 0.9377417845393617 0.13600420078294315 -2.202201706214854 0.6981685816600497 0.1360041291469631 0.7028965133202546 4.6906189749786105
0.6406382978596178 0.3195985331379189 -0.6981685677052657 3.1149791230547494 -0.3195985026534482 0.9377417845393617 0.13600420078294315 -2.2161666986774655 0.6981685816600497 0.1360041291469631 0.7028965133202546 4.721125549822763
0.6406382978596178 0.3195985331379189 -0.6981685677052657 3.0742264725681143 -0.3195985026534482 0.9377417845393617 0.13600420078294315 -2.2303191346764897 0.6981685816600497 0.1360041291469631 0.7028965133202546 4.75204159572735
0.6406382978596178 0.3195985331379189 -0.6981685677052657 3.0329880054071867 -0.3195985026534482 0.9377417845393617 0.13600420078294315 -2.2446402833680157 0.6981685816600497 0.1360041291469631 0.7028965133202546 4.783326195098382
0.6406382978596178 0.3195985331379189 -0.6981685677052657 2.991317474910068 -0.3195985026534482 0.9377417845393617 0.13600420078294315 -2.259111477483335 0.6981685816600497 0.1360041291469631 0.7028965133202546 4.814938569222119
0.6406382978596178 0.3195985331379189 -0.6981685677052657 2.9492690920848332 -0.3195985026534482 0.9377417845393617 0.13600420078294315 -2.2737138908157335 0.6981685816600497 0.1360041291469631 0.7028965133202546 4.846837592184195
0.6406382978596178 0.3195985331379189 -0.6981685677052657 2.906896724687076 -0.3195985026534482 0.9377417845393617 0.13600420078294315 -2.288428816362001 0.6981685816600497 0.1360041291469631 0.7028965133202546 4.878982398470714
0.6406382978596178 0.3195985331379189 -0.6981685677052657 2.864254515074375 -0.3195985026534482 0.9377417845393617 0.13600420078294315 -2.3032374517561243 0.6981685816600497 0.1360041291469631 0.7028965133202546 4.911331914247403
0.6406382978596178 0.3195985331379189 -0.6981685677052657 2.8213961937013337 -0.3195985026534482 0.9377417845393617 0.13600420078294315 -2.3181211376762954 0.6981685816600497 0.1360041291469631 0.7028965133202546 4.943845378160554
0.6406382978596178 0.3195985331379189 -0.6981685677052657 2.7783761317605156 -0.3195985026534482 0.9377417845393617 0.13600420078294315 -2.333060992287498 0.6981685816600497 0.1360041291469631 0.7028965133202546 4.9764815427755815
0.6406382978596178 0.3195985331379189 -0.6981685677052657 2.7352477393375447 -0.3195985026534482 0.9377417845393617 0.13600420078294315 -2.3480384675245274 0.6981685816600497 0.1360041291469631 0.7028965133202546 5.009199889779218
0.6406382978596178 0.3195985331379189 -0.6981685677052657 2.6920657079939643 -0.3195985026534482 0.9377417845393617 0.13600420078294315 -2.3630345702957642 0.6981685816600497 0.1360041291469631 0.7028965133202546 5.0419589286964355
0.6384117040120016 0.32036949465661746 -0.6998527581384215 2.6488836308833865 -0.320369472619371 0.9373560346308879 0.1368468682675777 -2.378030688960802 0.6998527682263452 0.1368468166766081 0.701055669381113 5.074718002333716
0.6318525187346405 0.32261445954985296 -0.7047569120328278 2.6057555588293955 -0.32261444527566396 0.936219674443197 0.1393292535146505 -2.393008052941228 0.7047569185670803 0.13932922046301147 0.695632844291443 5.1074361062969125
0.6211012156482837 0.3262114037306792 -0.712614482028175 2.5627350392186066 -0.3262114023232718 0.9343570417210054 0.14339818541619004 -2.4079480664904356 0.7126144826724397 0.1433981822145293 0.6867441739272784 5.140072618112567
0.6062579893647839 0.33101374268826955 -0.7231052153614117 2.519876946680551 -0.33101374507529663 0.9317854918922671 0.14901576316052026 -2.422831672941604 0.7231052142687093 0.14901576846290399 0.6744724974725168 5.172585908425406
0.5873931226818816 0.3368550045822774 -0.7358654940367171 2.4772346913008523 -0.33685501739856405 0.9285172042085906 0.15615536731753926 -2.437640324229528 0.7358654881698428 0.15615539496455566 0.6588759184732909 5.204935458922157
0.5645625634431066 0.34355154554812384 -0.7504941355600612 2.4348623239030953 -0.3435515714681563 0.9245618704479089 0.1647958296062869 -2.4523552497757954 0.7504941236947219 0.16479588364203585 0.6400006929951968 5.237080265208676
0.5378200720804085 0.35090606551522796 -0.7665601758844813 2.3928139868448572 -0.35090612240203994 0.9199288076590597 0.17491678621488935 -2.4669576472143935 0.766560149843565 0.17491690033728388 0.6178912644213446 5.268979253450689
0.5072288884404319 0.3587111111586674 -0.783610358190088 2.351143410580742 -0.35871118933698487 0.9146289655811557 0.18649433762018294 -2.4814288572235133 0.7836103224026146 0.18649448799162718 0.5925999228592687 5.300591662294488
0.4728734390993056 0.3667522868035276 -0.8011763043917226 2.3099050578373066 -0.3667523658328281 0.908676967559375 0.1994965432861482 -2.4957499661805382 0.8011762682146911 0.19949668857272193 0.5641964715399235 5.331876174865363
0.4348683905945269 0.37481200606014625 -0.8187829034456539 2.2691522929331787 -0.3748121444708833 0.9020926987550064 0.21387991773433793 -2.509902441914064 0.8187828400857359 0.21388016029094034 0.5327756918395 5.362792307570108
0.3933659141431144 0.38267376520108404 -0.8359569648116927 2.228939578594916 -0.3826739321955851 0.8949024997732393 0.22958697157629893 -2.523867370801473 0.8359568883670502 0.2295872499213168 0.49846341436984737 5.393298743534008
0.3485627138972997 0.39012576435530455 -0.8522358373518089 2.189320370675139 -0.390125939586663 0.8871404504902415 0.2465432464408526 -2.537626188883761 0.8522357571365875 0.2465435237238265 0.4614222634070298 5.423354929723736
0.3007010307865855 0.396965681677077 -0.8671776851686962 2.150349589570377 -0.3969658969748616 0.8788485330868675 0.2646570092213783 -2.5511598236003055 0.867177586612355 0.2646573321518123 0.4218524976996779 5.452919202063951
0.2500744503545806 0.4030043841670076 -0.8803693745366347 2.112080599599256 -0.40300468222167857 0.8700776151939016 0.28381714121225454 -2.5644497427797024 0.8803692380968671 0.28381756443297146 0.3799968351606074 5.481951076961446
0.1970215886624934 0.40807094458514376 -0.891437377377848 2.0745671312163814 -0.40807131643435396 0.8608863456325466 0.3038955422624243 -2.577477287100143 0.8914372071573189 0.3038960415813737 0.3361352430298426 5.510409793062515
0.14192806051964782 0.4120159178486981 -0.900055170018164 2.0378638302162977 -0.41201633173185254 0.8513415223284525 0.3247462928898514 -2.590223479363808 0.9000549805558321 0.3247468179963707 0.2905865381910746 5.538253894612194
0.0852165674136474 0.4147153788780118 -0.90595214617567 2.002024243985621 -0.41471584402092815 0.8415163907883464 0.3462093770430899 -2.602669723824092 0.9059519332482516 0.3462099342257849 0.243700176625158 5.565442759137028
0.02734422488961111 0.4160737849790085 -0.9089196327610204 1.9671018283769728 -0.41607432564534713 0.8314901516844254 0.3681117808364475 -2.6147974565219885 0.908919385261397 0.36811239194715106 0.1958540732050039 5.591935833603684
-0.03120860668741239 0.4160266563721015 -0.9088167274299477 1.9331520529908466 -0.416027279078918 0.821346020340658 0.3902717232041744 -2.62658741417127 0.9088164423748188 0.39027238700478556 0.14744537297170238 5.61769103729607
-0.08994749266408476 0.41454231302679945 -0.905573917067975 1.9002278244758979 -0.4145429072930497 0.8111696036733408 0.4125021843450787 -2.638021223538537 0.90557364503196 0.4125027815504113 0.09888290366237854 5.642668233821609
-0.14837489149388197 0.4116223319688255 -0.8991951664676165 1.868383514024691 -0.4116229834790458 0.8010471853641731 0.4346146871562733 -2.649080002788774 0.8991948682271201 0.4346153041997971 0.050577923141721444 5.666826175745713
-0.2060005586492856 0.40730219887783575 -0.8897576572446354 1.8376727605578345 -0.40730286513690134 0.7910636406777418 0.45642380793397236 -2.659745124387774 0.8897573522525416 0.45642440248846955 0.0029358006727499613 5.6901241711548005
-0.262351284519787 0.4016499402853516 -0.8774104677855121 1.8081497521999044 -0.4016507575295033 0.7813010456168297 0.4777502957550363 -2.6699977700757227 0.8774100936772917 0.4777509828214087 -0.04365233013693675 5.712521111494537
-0.316983610511595 0.39476486963529156 -0.8623700414374705 1.7798683109394977 -0.3947657813411306 0.7718361307190378 0.4984264892627506 -2.67981924874321 0.8623696240876995 0.4984272113543717 -0.08881974123101458 5.733976165971088
-0.3694875374016568 0.38677520153891987 -0.8449165066320974 1.752882991037167 -0.38677616666768494 0.7627399319003577 0.5182972054550254 -2.689190614980019 0.8449160648269806 0.5182979256751521 -0.13222746930242588 5.7544479482696165
-0.4195010410050098 0.37783422433678027 -0.8253848650875159 1.7272472483455328 -0.3778352550167124 0.7540751998006362 0.5372253839051973 -2.698093304827144 0.8253843932751388 0.5372261087898226 -0.17357624080609854 5.773895905356792
-0.46670948688988984 0.3681176852462734 -0.8041589548440665 1.7030149048531937 -0.36811876153458345 0.7458964240672062 0.555091976135486 -2.7065086271751757 0.8041584621535859 0.5550926898930304 -0.21260591095757375 5.792279206438781
-0.5108520466153931 0.35781923506353963 -0.7816620634823002 1.6802408809566787 -0.357820433288784 0.7382488614249594 0.5717981777915858 -2.714417509463492 0.7816615149730035 0.5717989276164257 -0.24910090804092727 5.8095561874402435
-0.5517225953312709 0.3471467415591842 -0.7583477550739948 1.658978266372631 -0.34714793893254675 0.7311680789955601 0.587266165169446 -2.721801514883491 0.7583472069545792 0.5872668729655905 -0.28289067432738985 5.825686573088351
-0.5891694489744647 0.33631715717336264 -0.7346904995887407 1.6392812492256263 -0.336318433141839 0.7246805062147091 0.6014383388522978 -2.72864182517536 0.7346899154909805 0.6014390523596058 -0.3138499551897933 5.840629254828768
-0.6230902180167421 0.3255536076366798 -0.7111774945585606 1.6212036515042625 -0.3255549570393731 0.7188038203965784 0.6142760273121324 -2.734919749229689 0.7111768768449525 0.614276742468756 -0.34189403841399896 5.854343401867661
-0.6534288333806157 0.3150804468799988 -0.6882986791362802 1.604800393605068 -0.31508180217764153 0.7135476791016873 0.6257580743267204 -2.7406162144858564 0.6882980587240801 0.6257587567445588 -0.36697651248297475 5.866787350129691
-0.6801649797282331 0.305120504822233 -0.6665411299299677 1.5901241991087107 -0.3051219127555303 0.708915702933659 0.6358766739631851 -2.7457129112856644 0.6665404854228278 0.6358773495502903 -0.3890806826626055 5.8779211021025315
-0.7033090076359694 0.29589066997245955 -0.6463784891233287 1.5772299884117187 -0.2958921192654274 0.7049060481676479 0.6446358018395223 -2.7501907670684913 0.6463778256830305 0.6446364670726585 -0.408215055804363 5.887702993710842
-0.7228876291544765 0.2875999085519876 -0.6282672745068841 1.5661712173667137 -0.2876013987863157 0.7015140979135258 0.6520455550379334 -2.7540312178753323 0.628266592324926 0.6520462123419324 -0.4244017270687818 5.896092471921291
-0.7389332013886725 0.2804461936513868 -0.6126399075737201 1.5570024402342475 -0.28044770436235994 0.6987342257772857 0.6581182012718532 -2.7572153182959687 0.6126392160181797 0.6581188450377834 -0.43766742716675194 5.903048150419043
-0.7514693980403975 0.27461448541423866 -0.5999005152602184 1.5497763805949871 -0.27461602618182734 0.6965623624510294 0.6628626655505214 -2.7597247586722036 0.5998998099457147 0.6628633038698956 -0.44803176049224663 5.908530031691769
-0.7604978029583422 0.2702742893274112 -0.5904192580057812 1.5445483249814385 -0.2702758219341235 0.6949981812328495 0.6662796020897422 -2.7615403392930116 0.5904185564270219 0.6662802237884553 -0.45549598419199866 5.912496173903628
-0.7659845106678851 0.26757647909902904 -0.584525925216194 1.5413720953821994 -0.2675780424995582 0.6940476431649025 0.66835608786735 -2.7626433690489822 0.5845252095410302 0.6683567137765665 -0.4600321538336246 5.914905746260788
-0.7678432136315085 0.26665194178113694 -0.5825062585280836 1.540301513785868 -0.26665350570060503 0.6937256231407724 0.6690595397238758 -2.763015156830707 0.5825055426153598 0.6690601630214552 -0.46156883677311766 5.915717917969415
-0.7678432136315073 0.26665194101121376 -0.5825062588805305 1.5394081370599695 -0.2666535067032882 0.6937256228734264 0.6690595396014588 -2.762548336955054 0.5825055421563634 0.6690601636055077 -0.4615688365057723 5.914753990333191
-0.7678432136315033 0.2666519387402439 -0.5825062599201101 1.5367579821229715 -0.26665350966089085 0.6937256220847663 0.6690595392404425 -2.7611635899744167 0.5825055408024672 0.6690601653283307 -0.4615688357171138 5.91189452715548
-0.7678432136314971 0.26665193502629886 -0.5825062616202383 1.5323961072982524 -0.2666535144977437 0.6937256207950042 0.6690595386500274 -2.758884369893924 0.5825055385883097 0.6690601681458226 -0.46156883442735475 5.907188186495668
-0.7678432136314882 0.2666519299274984 -0.5825062639543108 1.5263676090943532 -0.2666535211381832 0.6937256190242916 0.6690595378394749 -2.7557342581604223 0.5825055355485279 0.6690601720139256 -0.461568832656646 5.900683618408751
-0.7678432136314771 0.26665192350190775 -0.5825062668957465 1.518717507649919 -0.26665352950653454 0.6937256167928542 0.6690595368179739 -2.751736906513809 0.5825055317177629 0.6690601768885269 -0.4615688304252136 5.8924293401030585
-0.7678432136314637 0.2666519158076733 -0.5825062704179277 1.5094907849181487 -0.2666535395271323 0.6937256141208138 0.6690595355948167 -2.7469156224679394 0.5825055271306518 0.669060182725588 -0.4615688277531794 5.882473976028282
-0.767843213631448 0.26665190690286306 -0.5825062744942731 1.498732575592744 -0.26665355112431777 0.6937256110283754 0.6690595341792076 -2.7412941149113776 0.582505521821829 0.6690601894810169 -0.4615688246607483 5.870866168235024
-0.7678432136314303 0.26665189684559043 -0.5825062790981796 1.4864878616271895 -0.26665356422240827 0.6937256075357183 0.6690595325803859 -2.734895908142303 0.5825055158259395 0.6690601971107286 -0.4615688211680997 5.857654441936008
-0.7678432136314102 0.2666518856939565 -0.5825062842030512 1.472801701344863 -0.2666535787457276 0.6937256036630299 0.6690595308075813 -2.727744456165845 0.5825055091776254 0.6690602055706362 -0.46156881729542065 5.842887455190621
-0.7678432136313881 0.26665181036696906 -0.5825063186852485 1.4577191912543057 -0.2666535946186397 0.6937256719512264 0.6690594536756636 -2.7198633404288493 0.5825055019115103 0.6690601647862748 -0.4615688855837037 5.826613858053859
-0.7678432136313642 0.2666517972009009 -0.5825063247122634 1.4412852751241259 -0.26665361176545505 0.693725667378973 0.6690594515826203 -2.711276174572102 0.5825054940622425 0.6690601747743832 -0.46156888101146354 5.808882084505873
-0.7678432136313381 0.26665178311479654 -0.5825063311604423 1.4235451258326148 -0.266653630110506 0.6937256624871816 0.6690594493433379 -2.702006361357237 0.5825054856644603 0.6690601854604865 -0.46156887611968667 5.789740967066804
-0.76784321363131 0.2666517681667261 -0.5825063380032022 1.404543687148525 -0.2666536495781254 0.6937256572960637 0.6690594469670169 -2.6920776228172025 0.5825054767528015 0.6690601968004843 -0.4615688709285848 5.769238890098318
-0.7678432136312803 0.26665175241480193 -0.5825063452139412 1.3843260555801098 -0.26665367009263236 0.6937256518257986 0.6690594444628971 -2.6815133236145203 0.5825054673619103 0.6690602087502933 -0.4615688654583369 5.747424602892378
-0.7678432136312485 0.26665173591712354 -0.5825063527660632 1.3629372130808537 -0.2666536915783858 0.6937256460965344 0.6690594418402336 -2.6703369880473704 0.5825054575264131 0.6690602212658666 -0.46156885972909134 5.724346630661709
-0.7678432136312151 0.26665171873178267 -0.5825063606329757 1.3404222943443156 -0.26665371395970494 0.6937256401284734 0.6690594391082422 -2.6585722166121544 0.5825054472809538 0.6690602343031052 -0.4615688537610504 5.7000536650753935
-0.7678429081511633 0.26665177572326565 -0.5825067372190588 1.3168262813239804 -0.26665388955742925 0.6937257759852107 0.6690592282583148 -2.646242533607052 0.582505769573022 0.6690600707241067 -0.4615686841379025 5.674594231346158
-0.7678429081511264 0.26665175733691737 -0.5825067456357519 1.2921941941584938 -0.2666539135028906 0.6937257696000574 0.6690592253353966 -2.6333715907719606 0.582505758611547 0.6690600846724768 -0.46156867775277416 5.648016846682333
-0.7678429081510881 0.2666518160279372 -0.5825067187690481 1.2665711675412714 -0.26665393811690224 0.693725673917004 0.6690593147361047 -2.6199828802111207 0.5825057473440302 0.6690601604918663 -0.4615685820696326 5.620370252371486
-0.767842908151048 0.2666517966730733 -0.5825067276291006 1.2400022216105302 -0.2666539633237199 0.6937256671954963 0.6690593116592248 -2.6060997284879424 0.5825057358051451 0.6690601751749878 -0.46156857534815027 5.591703114477396
-0.7678429081510066 0.2666517769209808 -0.5825067366709917 1.212532300135022 -0.26665398904785625 0.693725660336053 0.669059308519187 -2.5917458576353742 0.5825057240294472 0.6690601901594433 -0.4615685684887338 5.562063817361736
-0.7678429081509639 0.26665167923914224 -0.5825067813864624 1.184206652363362 -0.266654015213541 0.6937257424784868 0.6690592129200291 -2.5769449252984855 0.5825057120516218 0.6690601439195267 -0.4615686506313175 5.531501177535855
-0.7678429081509199 0.26665165886707726 -0.5825067907121544 1.1550701075085301 -0.2666540417451064 0.6937257354037287 0.6690592096814413 -2.561720054400746 0.5825056999063072 0.6690601593743207 -0.4615686435565912 5.500063702611571
-0.767842908150875 0.2666516382722062 -0.5825068001398401 1.1251677620796392 -0.2666540685668334 0.6937257282516057 0.6690592064074253 -2.546095259957651 0.5825056876281652 0.6690601749981295 -0.4615686364045012 5.467799844169945
-0.7678429081508288 0.2666515557066335 -0.5825068379355817 1.0945447889548379 -0.26665409560315806 0.6937257920316758 0.6690591295005889 -2.530093836338673 0.5825056752517865 0.669060141772962 -0.4615687001847116 5.434758484349599
-0.7678432136307984 0.26665138244330056 -0.5825065145749057 1.0632461128100823 -0.2666539703819059 0.6937257318614655 0.6690592417961505 -2.5137392792676563 0.5825053298989579 0.6690602732148657 -0.4615689454945551 5.400988085942125
-0.7678432136307507 0.26665142333438724 -0.5825064958564384 1.0313167537841614 -0.26665399762032005 0.6937256536087725 0.6690593120779232 -2.4970553488766623 0.5825053174300676 0.6690603380554155 -0.4615688672417901 5.366537116537371
-0.767843213630702 0.2666514024291258 -0.5825065054262111 0.9988018847550804 -0.26665402484627754 0.6937256463488559 0.66905930875457 -2.480065231142998 0.5825053049668791 0.6690603539146842 -0.46156885998191055 5.331454507892442
-0.7678429081506363 0.26665147218256685 -0.5825068761702674 0.9657464494918779 -0.26665420438072157 0.6937257630256662 0.6690591162225814 -2.4627928648839377 0.5825056254568345 0.6690602051365235 -0.4615686711788562 5.295788545132042
-0.767842908150587 0.2666514514707916 -0.5825068856514655 0.9321955063176455 -0.2666542313547122 0.693725755832922 0.6690591129299929 -2.445261487320285 0.5825056131089871 0.6690602208490364 -0.4615686639861525 5.259587985552524
-0.7678429081505374 0.2666514309428249 -0.5825068950485218 0.8981942090185953 -0.26665425808929627 0.6937257487040364 0.6690591096666058 -2.427494816865382 0.5825056008707321 0.6690602364220789 -0.4615686568573079 5.222901492011533
-0.7678429081504875 0.2666514106567573 -0.5825069043348441 0.8637874059005024 -0.2666542845088571 0.6937257416591394 0.6690591064416853 -2.4095162027518016 0.582505588776684 0.6690602518116273 -0.4615686498124524 5.185777493690965
-0.767842908150438 0.2666513906708352 -0.5825069134837695 0.8290202507494357 -0.26665431053752126 0.6937257347184782 0.6690591032644775 -2.3913492550007236 0.5825055768615759 0.6690602669734746 -0.46156864287183275 5.148264703066947
-0.7678429081503886 0.2666512934523343 -0.5825069579870706 0.7939378400740784 -0.26665433609977607 0.6937258170217518 0.6690590077389964 -2.373017663451156 0.5825055651599746 0.6690602203820669 -0.46156872517530756 5.110411720575992
-0.7678429081503396 0.2666512742409284 -0.582506966781444 0.7585851176426097 -0.26665436111974766 0.693725810350061 0.669059004684916 -2.3545447165674 0.5825055537066134 0.6690602349563456 -0.46156871850366044 5.0722671290536985
-0.7678429081502915 0.2666513330945067 -0.5825069398403983 0.7230071417788382 -0.2666543855220782 0.6937257147234746 0.6690590941114598 -2.3359541935310695 0.5825055425359881 0.6690603106524305 -0.46156862287695355 5.033879437704008
-0.7678429081502441 0.26665123729901774 -0.5825069836922805 0.6872490089911603 -0.2666544092310493 0.6937257975209488 0.6690589988121852 -2.317269567396849 0.5825055316827608 0.6690602629814646 -0.46156870567463487 4.995297346200395
-0.7678429081501977 0.2666512196850171 -0.5825069917554121 0.6513558539728492 -0.2666544321706312 0.6937257914040091 0.6690589960120404 -2.298514221876816 0.5825055211817354 0.6690602763438986 -0.4615686995577374 4.95656964544891
-0.7678429081501527 0.2666512027195853 -0.5825069995216495 0.6153723150126502 -0.2666544542655703 0.6937257855122786 0.6690589933150163 -2.2797118349996364 0.5825055110673608 0.6690602892143359 -0.461568693666048 4.917744337280024
-0.7678429081501089 0.2666511864609524 -0.5825070069643367 0.5793440232090792 -0.26665447543999227 0.693725779866023 0.6690589907303397 -2.260886038121612 0.5825055013743697 0.6690603015485559 -0.4615686880198326 4.878870753582951
-0.7696951710570807 0.2657243917761793 -0.5804824642197135 0.543315693220203 -0.26572772234852926 0.6934048768016764 0.66975999761341 -2.242060005409706 0.5804809395896426 0.6697613190106096 -0.4631000478625479 4.839997227508753
-0.7750884382884482 0.2629943949414733 -0.5745188082743182 0.5073324215551349 -0.26299777121447154 0.6924705017872935 0.6718011435616008 -2.2232577518794163 0.574517262723928 0.6718024653004947 -0.46755894007962545 4.8011722106384935
-0.7837304623597147 0.2585192161028221 -0.5647427531850322 0.47143919016678626 -0.25852262991453523 0.6909732717630421 0.6750718387928425 -2.2045023682602722 0.5647411904505462 0.675073146121707 -0.47470373412670813 4.76244442665883
-0.7952681360595436 0.25234099631231377 -0.5512464179915258 0.4356808664538716 -0.25234446238168207 0.6889743890874969 0.6794384177295323 -2.185817538486111 0.5512448313351146 0.6794397050229103 -0.4842425251510876 4.7238621767032525
-0.8093015623131281 0.24448900246711094 -0.5340937267092425 0.40010292877511855 -0.24449253136548835 0.6865431314832174 0.6847495386779852 -2.1672270344993363 0.5340921112917 0.6847507986748571 -0.49584469380050805 4.685474526967651
-0.8253900994999651 0.23498621084793594 -0.513334846234665 0.3647501681587748 -0.23498980320470336 0.6837558277673954 0.6908384473840021 -2.148754176958186 0.5133332017678698 0.6908396693194836 -0.5091459272716361 4.647329844212786
-0.843059476979611 0.22385508059419731 -0.48901903967742416 0.32966783385331144 -0.22385881256025528 0.6806947525881694 0.6975255449358421 -2.1304225151155682 0.48901733130225267 0.6975267426350736 -0.5237542295723505 4.609476994568492
-0.861811218489052 0.2111221039011214 -0.46120373039555923 0.2949007550725691 -0.2111258811178117 0.6774460290709373 0.7046224095345297 -2.112255822247926 0.4612020013059822 0.7046235412902289 -0.5392572475646238 4.571964187935688
-0.8811302158730983 0.19682229555991707 -0.4299657272922483 0.2604939137694573 -0.1968261437374624 0.6740990679345646 0.711933926534753 -2.09427718908479 0.42996396571906725 0.7119349904171559 -0.5552292838124236 4.53484014800103
-0.9004938832545318 0.18100343088519455 -0.39540931226889686 0.22649244463767948 -0.18100734345697395 0.6707443596678129 0.7192623621380897 -2.0765103245147243 0.3954075212180751 0.7192633467524979 -0.5712382429272161 4.498153516815119
-0.9193818786104874 0.1637288167929676 -0.3576728055558963 0.19294155874097507 -0.16373279630772836 0.6674720701424633 0.7264107701521134 -2.058978975525405 0.35767098386073065 0.7264116671222383 -0.5868539487579406 4.461953019656736
-0.9372853556334745 0.1450803647766244 -0.31693508778819823 0.15988631440286616 -0.14508439206084667 0.6643703118903335 0.7331866118929583 -2.041706704514123 0.3169332442256032 0.7331874088082955 -0.6016556675288711 4.426287264966783
-0.9537183577883097 0.12515887698282605 -0.27341643975805036 0.12737131172636307 -0.12516296161547993 0.6615233390131142 0.739405913541799 -2.0247166284991764 0.27341456994317564 0.7394066049565274 -0.6152416968065886 4.391204461054057
-0.9682265307336764 0.10408654811448471 -0.22738376301979102 0.09544191451528006 -0.10409068625171146 0.65900984443164 0.7448967404800705 -2.0080325706664643 0.22738186871225505 0.7448973187250688 -0.627236375170578 4.3567534996536965
-0.9803990868907322 0.0820043341914201 -0.17914496810583425 0.06414348657314628 -0.08200851794740659 0.6569009882265247 0.7495036321800485 -1.9916781374175594 0.17914305291550764 0.7495040899427016 -0.6373000751226021 4.322983371737805
-0.9898769982818697 0.05907253712002693 -0.12905023684859507 0.03352032252325099 -0.059076758400811384 0.6552589729656726 0.7530907083245844 -1.9756766185508028 0.12904830448063856 0.7530910394541785 -0.6451359712529581 4.289941803847011
-0.9963624228947159 0.03546772327750999 -0.07748524278132804 0.0036179389091981484 -0.035471959380571245 0.654135264093869 0.7555453635398389 -1.9600516966659904 0.07748330362777828 0.7555455624079558 -0.650497686994021 4.257677953409779
-0.9996260546189785 0.01137969345299254 -0.024864703975936726 -0.025518300465340538 -0.011383957783582284 0.6535698475405757 0.7567805890024997 -1.9448270865568584 0.0248627519007181 0.7567806531371588 -0.6531959021650541 4.226240761779729
-0.9995129178201522 -0.012991768508488632 0.02837500769458102 -0.05384425371715018 0.012987484753148926 0.6535894599480164 0.7567378298226191 -1.9300260018235242 -0.028376968661793543 0.7567377562906995 -0.6531023777737189 4.195677789041131
-0.9959465392118044 -0.03744086027761615 0.08178430786955337 -0.0813142515626959 0.03743656340887157 0.6542073011926286 0.7553881854956369 -1.915672092871845 -0.0817862748397517 0.7553879725332734 -0.6501538404100273 4.1660384086972915
-0.9889311673718449 -0.06176027866747645 0.13491039314847306 -0.10788308293838123 0.06175599497301609 0.6554227900421148 0.7527331289230618 -1.9017889982973333 -0.1349123540875806 0.7527327774664297 -0.6443539574195395 4.137371395645471
-0.9785518469732413 -0.0857458050118971 0.18730707329975546 -0.1335063004806969 0.08574153335969653 0.6572209832106868 0.748805027149729 -1.888400192488715 -0.1873090287262904 0.7488045380140534 -0.6357728301895056 4.1097245932641755
-0.964972393105168 -0.10920067192569015 0.23854453210221116 -0.15813823490610845 0.10919642023616273 0.659573589967632 0.7436657994185407 -1.8755293258518466 -0.23854647839046464 0.743665175107849 -0.6245459830783638 4.0831473750567095
-0.9484312776343037 -0.13193986598149335 0.28821863813734866 -0.18173413337153121 0.13193565422764358 0.6624393286489194 0.7374056678672145 -1.8631995916032489 -0.28822056614420494 0.7374049142933308 -0.610870606288729 4.057688115788225
-0.9292358043809492 -0.15379376274760084 0.3359587748465948 -0.20424909029294458 0.15378958405642382 0.6657648885571134 0.7301409980272896 -1.8514349095106395 -0.33596068771843307 0.730140117857161 -0.5950006929435364 4.0333950589693375
-0.9077547877015243 -0.17461104712047093 0.381434434245852 -0.2256380473472568 0.17460690995375952 0.6694864196499278 0.7220113301747559 -1.8402585167948224 -0.3814363281091095 0.7220103296545095 -0.5772412073568782 4.0103169618963985
-0.8844110438597399 -0.19426025044065587 0.4243584105419131 -0.24585533525036007 0.1942561586285364 0.673530661662849 0.7131766910344797 -1.8296944974303033 -0.424360283643286 0.7131755764878228 -0.5579417055279624 3.988502999598783
-0.8596690486789301 -0.21263369587315875 0.4644954662026147 -0.26485711759976205 0.21262964657752143 0.67781713739066 0.7038128740338936 -1.8197654790521056 -0.46449731984133313 0.703811650684224 -0.5374861860749224 3.968000597721974
-0.834027851018278 -0.22964544828875078 0.5016577636258526 -0.282596961411123 0.22964139598049874 0.6822593329389333 0.6941088040572959 -1.8104958182336859 -0.5016596186439176 0.6941074633642693 -0.5162871839626262 3.9488598131956207
-0.80800941145793 -0.24523208528152377 0.5357070237955492 -0.2990311830215959 0.24522808525649276 0.6867669650941285 0.6842618810490867 -1.8019083915883314 -0.5357088548800029 0.6842604474934056 -0.4947763765574105 3.9311277563534013
-0.7821498654444511 -0.259350915065415 0.5665498132026513 -0.31411396040714124 0.2593469566120249 0.6912470554158614 0.6744751029318885 -1.7940272508966084 -0.5665516252569642 0.6744735808270277 -0.47339692086562984 3.9148538182995285
-0.7569887844937506 -0.2719782059015923 0.5941345265722445 -0.3277997770242993 0.2719743673856222 0.6956062281169428 0.6649525689025574 -1.786875970366151 -0.594136283722737 0.6649509988859862 -0.4525950126157652 3.900087206080949
-0.7330596081253447 -0.2831067242595811 0.6184449802643123 -0.3400446437299287 0.28310293890330357 0.6997518992786622 0.6558963374194258 -1.780477687398854 -0.6184467130799779 0.6558947035423555 -0.4328115074090071 3.8868753133255742
-0.7108848230030687 -0.29273987511660704 0.6394889631108648 -0.3508027385002772 0.2927362082423124 0.7035936959870281 0.6475039948534889 -1.774856236990959 -0.6394906416890003 0.6475023370490848 -0.4144785189948498 3.8752676303745845
-0.6909665303545102 -0.3008889342194572 0.6572907295817652 -0.3600294612320476 0.30088530769545935 0.7070444840057628 0.6399657250587982 -1.7700349529450894 -0.6572923896888344 0.6399640200052686 -0.3980110143649767 3.8653122662998087
-0.6737799795535859 -0.3075674417778736 0.6718800547054389 -0.36767929538135036 0.3075638512139047 0.7100220066922341 0.6334613069787325 -1.7660377346453657 -0.6718816983511608 0.633459563643132 -0.38380198625047846 3.8570582792927435
-0.6597685402298132 -0.31278571180292813 0.6832792780517764 -0.3737082518054744 0.31278207982121015 0.7124493850540246 0.6281586139494231 -1.762887394317196 -0.6832809406574569 0.6281568054459632 -0.37221792528864445 3.8505532118367505
-0.6493414690894121 -0.3165434743633685 0.6914881671863746 -0.3780698975200809 0.3165398583139432 0.7142558423723974 0.6242123915267029 -1.7606082885340375 -0.6914898224987789 0.6242105578047079 -0.36359731146660407 3.8458471208614764
-0.6428596332916551 -0.31882731458747415 0.6964773042655867 -0.38072024338217236 0.3188237286741288 0.7153788181897602 0.6217592592955472 -1.759223446305622 -0.6964789457826018 0.6217574205092866 -0.3582384514861489 3.842987449613317
-0.6406384137987554 -0.31960095708602715 0.6981673517109706 -0.3816134673679965 0.31959737973489155 0.715763642046665 0.6209186126946794 -1.7587567026281916 -0.6981689893084668 0.6209167713581177 -0.3564020558501378 3.842023688433452
